((-50.0 2.0)
(-49.0 2.0)
(-48.0 2.0)
(-47.0 2.0)
(-46.0 2.0)
(-45.0 2.0)
(-44.0 2.0)
(-43.0 2.0)
(-42.0 2.0)
(-41.0 2.0)
(-40.0 2.0)
(-39.0 2.0)
(-38.0 2.0)
(-37.0 2.0)
(-36.0 2.0)
(-35.0 2.0)
(-34.0 2.0)
(-33.0 2.0)
(-32.0 2.0)
(-31.0 2.0)
(-30.0 2.0)
(-29.0 2.0)
(-28.0 2.0)
(-27.0 2.0)
(-26.0 2.0)
(-25.0 2.0)
(-24.0 2.0)
(-23.0 2.0)
(-22.0 2.0)
(-21.0 2.0)
(-20.0 2.0)
(-19.0 2.0)
(-18.0 2.0)
(-17.0 2.0)
(-16.0 2.0)
(-15.0 2.0)
(-14.0 2.0)
(-13.0 2.0)
(-12.5 2.0)
(-12.0 2.0)
(-11.5 1.9999999999999998)
(-11.0 2.0000000000000004)
(-10.5 1.9999999999999993)
(-10.0 2.0000000000000018)
(-9.5 1.9999999999999962)
(-9.0 2.0000000000000093)
(-8.5 1.9999999999999774)
(-8.0 2.0000000000000546)
(-7.5 1.9999999999998672)
(-7.0 2.000000000000321)
(-6.5 1.9999999999992204)
(-6.0 2.000000000001836)
(-5.5 1.9999999999944489)
(-5.0 1.999999999988906)
(-4.5 1.9999999994844524)
(-4.0 1.9999999892519356)
(-3.75 1.9999999604297818)
(-3.5 1.9999998696710193)
(-3.25 1.9999995719551438)
(-3.125 1.9999992143092762)
(-3.0 1.9999985947080252)
(-2.875 1.9999974958918225)
(-2.75 1.9999955406381407)
(-2.625 1.9999920608541133)
(-2.5625 1.9999893659072985)
(-2.5 1.9999858045457186)
(-2.4375 1.9999810763687969)
(-2.375 1.9999747872114326)
(-2.3125 1.9999664153184815)
(-2.25 1.9999552675437993)
(-2.1875 1.9999404216986076)
(-2.125 1.9999206501527766)
(-2.0625 1.999894318316765)
(-2.0 1.999859249608113)
(-1.9375 1.9998125457877451)
(-1.875 1.9997503479335965)
(-1.8125 1.999667518531303)
(-1.78125 1.9996160543467592)
(-1.75 1.9995567654382902)
(-1.71875 1.9994884256894179)
(-1.6875 1.9994096266173444)
(-1.65625 1.999318747798741)
(-1.625 1.9992139231738595)
(-1.59375 1.999093002493914)
(-1.5625 1.9989535070932185)
(-1.53125 1.9987925790646999)
(-1.5 1.998606922794214)
(-1.46875 1.998392737664147)
(-1.4375 1.9981456405681126)
(-1.40625 1.997860576683815)
(-1.390625 1.9977017988378387)
(-1.375 1.9975313034853213)
(-1.359375 1.9973482181734117)
(-1.34375 1.9971516068167439)
(-1.328125 1.9969404649103453)
(-1.3125 1.9967137144089266)
(-1.296875 1.996470198246634)
(-1.28125 1.9962086744698622)
(-1.265625 1.9959278099541207)
(-1.25 1.9956261736742056)
(-1.234375 1.9953022294950602)
(-1.21875 1.9949543284487141)
(-1.203125 1.9945807004605587)
(-1.1875 1.9941794454859625)
(-1.171875 1.9937485240158388)
(-1.15625 1.9932857469072578)
(-1.140625 1.9927887644925548)
(-1.125 1.992255054917611)
(-1.109375 1.9916819116570992)
(-1.09375 1.9910664301514804)
(-1.078125 1.9904054935074433)
(-1.0625 1.9896957572002796)
(-1.046875 1.9889336327134317)
(-1.03125 1.988115270047134)
(-1.0234375 1.987683563561538)
(-1.015625 1.9872362356780018)
(-1.0078125 1.986772722419557)
(-1.0 1.9862924397798751)
(-0.9921875 1.98579478302015)
(-0.984375 1.9852791259431413)
(-0.9765625 1.9847448201437008)
(-0.96875 1.98419119423508)
(-0.9609375 1.9836175530503246)
(-0.953125 1.983023176818037)
(-0.9453125 1.982407320311793)
(-0.9375 1.981769211972482)
(-0.9296875 1.9811080530028418)
(-0.921875 1.9804230164334475)
(-0.9140625 1.9797132461594131)
(-0.90625 1.9789778559470625)
(-0.8984375 1.9782159284098246)
(-0.890625 1.9774265139526082)
(-0.8828125 1.976608629683912)
(-0.875 1.9757612582949395)
(-0.8671875 1.9748833469049807)
(-0.859375 1.9739738058723488)
(-0.8515625 1.9730315075701599)
(-0.84375 1.972055285126267)
(-0.8359375 1.9710439311266785)
(-0.828125 1.969996196281812)
(-0.8203125 1.9689107880549641)
(-0.8125 1.9677863692524125)
(-0.8046875 1.9666215565745968)
(-0.796875 1.9654149191278774)
(-0.7890625 1.9641649768964133)
(-0.78125 1.9628701991737614)
(-0.7734375 1.9615290029538586)
(-0.765625 1.960139751281128)
(-0.7578125 1.9587007515595183)
(-0.75 1.9572102538203862)
(-0.7421875 1.9556664489492266)
(-0.734375 1.9540674668713651)
(-0.7265625 1.9524113746968528)
(-0.71875 1.950696174824938)
(-0.7109375 1.9489198030086372)
(-0.703125 1.9470801263800979)
(-0.6953125 1.945174941437619)
(-0.6875 1.9432019719954021)
(-0.6796875 1.9411588670973188)
(-0.67578125 1.9401101633842903)
(-0.671875 1.9390430123054414)
(-0.66796875 1.9379570979115268)
(-0.6640625 1.936852099180826)
(-0.65625 1.9345837383948203)
(-0.65234375 1.9334194988634341)
(-0.6484375 1.9322348391184199)
(-0.64453125 1.9310294117194622)
(-0.640625 1.929802863733984)
(-0.63671875 1.928554836665911)
(-0.6328125 1.9272849663841745)
(-0.62890625 1.9259928830509787)
(-0.625 1.9246782110498741)
(-0.62109375 1.9233405689136656)
(-0.6171875 1.9219795692521937)
(-0.61328125 1.9205948186800297)
(-0.609375 1.919185917744123)
(-0.60546875 1.9177524608514482)
(-0.6015625 1.9162940361966934)
(-0.59765625 1.9148102256900403)
(-0.59375 1.9133006048850885)
(-0.58984375 1.9117647429069717)
(-0.5859375 1.9102022023807292)
(-0.58203125 1.9086125393599862)
(-0.578125 1.9069953032560067)
(-0.57421875 1.9053500367671843)
(-0.5703125 1.9036762758090375)
(-0.56640625 1.9019735494447838)
(-0.5625 1.9002413798165632)
(-0.55859375 1.898479282077393)
(-0.5546875 1.8966867643239345)
(-0.55078125 1.894863327530156)
(-0.546875 1.8930084654819863)
(-0.54296875 1.8911216647130453)
(-0.5390625 1.8892024044415576)
(-0.53515625 1.8872501565085462)
(-0.53125 1.8852643853174145)
(-0.52734375 1.8832445477750308)
(-0.5234375 1.8811900932344279)
(-0.51953125 1.8791004634392423)
(-0.515625 1.8769750924700197)
(-0.51171875 1.874813406692517)
(-0.5078125 1.8726148247081422)
(-0.50390625 1.8703787573066715)
(-0.5 1.8681046074213978)
(-0.49609375 1.8657917700868636)
(-0.4921875 1.863439632399341)
(-0.48828125 1.8610475734802276)
(-0.484375 1.8586149644425372)
(-0.48046875 1.8561411683606608)
(-0.4765625 1.853625540243598)
(-0.47265625 1.8510674270118455)
(-0.46875 1.8484661674781577)
(-0.46484375 1.8458210923323868)
(-0.4609375 1.8431315241306256)
(-0.45703125 1.840396777288884)
(-0.453125 1.8376161580815369)
(-0.44921875 1.8347889646447921)
(-0.4453125 1.8319144869854358)
(-0.44140625 1.8289920069951209)
(-0.4375 1.8260207984704764)
(-0.43359375 1.8230001271393241)
(-0.4296875 1.8199292506932998)
(-0.42578125 1.8168074188271863)
(-0.423828125 1.8152271244972102)
(-0.421875 1.8136338068884974)
(-0.419921875 1.8120273699769622)
(-0.41796875 1.8104077172489241)
(-0.416015625 1.8087747517032124)
(-0.4140625 1.8071283758533954)
(-0.412109375 1.8054684917301451)
(-0.41015625 1.8037950008837331)
(-0.408203125 1.8021078043866674)
(-0.40625 1.8004068028364653)
(-0.404296875 1.7986918963585754)
(-0.40234375 1.7969629846094408)
(-0.400390625 1.795219966779718)
(-0.3984375 1.7934627415976423)
(-0.396484375 1.7916912073325573)
(-0.39453125 1.7899052617985969)
(-0.392578125 1.7881048023585362)
(-0.390625 1.7862897259278048)
(-0.388671875 1.7844599289786744)
(-0.38671875 1.7826153075446156)
(-0.384765625 1.780755757224837)
(-0.3828125 1.7788811731889989)
(-0.380859375 1.7769914501821202)
(-0.37890625 1.7750864825296644)
(-0.376953125 1.7731661641428274)
(-0.375 1.771230388524012)
(-0.373046875 1.7692790487725123)
(-0.37109375 1.7673120375903935)
(-0.369140625 1.7653292472885878)
(-0.3671875 1.763330569793195)
(-0.365234375 1.761315896652009)
(-0.36328125 1.7592851190412548)
(-0.361328125 1.7572381277725615)
(-0.359375 1.7551748133001543)
(-0.357421875 1.7530950657282915)
(-0.35546875 1.7509987748189295)
(-0.353515625 1.7488858299996413)
(-0.3515625 1.7467561203717719)
(-0.349609375 1.7446095347188588)
(-0.34765625 1.7424459615152974)
(-0.345703125 1.740265288935301)
(-0.34375 1.7380674048620322)
(-0.341796875 1.735852196897143)
(-0.33984375 1.7336195523705014)
(-0.337890625 1.7313693583502239)
(-0.3359375 1.7291015016529954)
(-0.333984375 1.7268158688546795)
(-0.33203125 1.7245123463012295)
(-0.330078125 1.7221908201199008)
(-0.328125 1.7198511762307718)
(-0.326171875 1.717493300358581)
(-0.32421875 1.7151170780448814)
(-0.322265625 1.7127223946605208)
(-0.3203125 1.710309135418454)
(-0.318359375 1.7078771853868917)
(-0.31640625 1.7054264295027903)
(-0.314453125 1.7029567525856915)
(-0.3125 1.7004680393519165)
(-0.310546875 1.6979601744291195)
(-0.30859375 1.6954330423712078)
(-0.306640625 1.6928865276736358)
(-0.3046875 1.6903205147890752)
(-0.302734375 1.6877348881434724)
(-0.30078125 1.6851295321524962)
(-0.298828125 1.6825043312383827)
(-0.296875 1.6798591698471852)
(-0.294921875 1.6771939324664336)
(-0.29296875 1.674508503643211)
(-0.291015625 1.6718027680026553)
(-0.2890625 1.6690766102668881)
(-0.287109375 1.666329915274383)
(-0.28515625 1.6635625679997765)
(-0.283203125 1.6607744535741298)
(-0.28125 1.657965457305646)
(-0.279296875 1.655135464700854)
(-0.27734375 1.6522843614862617)
(-0.275390625 1.649412033630486)
(-0.2734375 1.6465183673668715)
(-0.271484375 1.6436032492165955)
(-0.26953125 1.640666566012277)
(-0.267578125 1.637708204922089)
(-0.265625 1.634728053474383)
(-0.263671875 1.631725999582837)
(-0.26171875 1.6287019315721267)
(-0.259765625 1.6256557382041337)
(-0.2578125 1.622587308704695)
(-0.255859375 1.6194965327909)
(-0.25390625 1.6163833006989439)
(-0.251953125 1.6132475032125457)
(-0.25 1.6100890316919332)
(-0.248046875 1.6069077781034076)
(-0.24609375 1.6037036350494926)
(-0.244140625 1.600476495799674)
(-0.2421875 1.597226254321738)
(-0.240234375 1.5939528053137157)
(-0.23828125 1.5906560442364412)
(-0.236328125 1.5873358673467268)
(-0.234375 1.5839921717311667)
(-0.232421875 1.5806248553405742)
(-0.23046875 1.5772338170250588)
(-0.228515625 1.5738189565697496)
(-0.2265625 1.570380174731173)
(-0.224609375 1.5669173732742907)
(-0.22265625 1.5634304550102047)
(-0.220703125 1.559919323834534)
(-0.21875 1.5563838847664715)
(-0.216796875 1.5528240439885272)
(-0.21484375 1.549239708886961)
(-0.212890625 1.5456307880929139)
(-0.2109375 1.5419971915242425)
(-0.208984375 1.5383388304280612)
(-0.20703125 1.5346556174239985)
(-0.205078125 1.5309474665481733)
(-0.203125 1.527214293297894)
(-0.201171875 1.5234560146770886)
(-0.19921875 1.5196725492424648)
(-0.197265625 1.5158638171504115)
(-0.1953125 1.5120297402046405)
(-0.193359375 1.5081702419045735)
(-0.19140625 1.504285247494479)
(-0.189453125 1.500374684013362)
(-0.1875 1.4964384803456081)
(-0.185546875 1.4924765672723854)
(-0.18359375 1.488488877523809)
(-0.181640625 1.4844753458318638)
(-0.1796875 1.4804359089840944)
(-0.177734375 1.4763705058780578)
(-0.17578125 1.4722790775765415)
(-0.173828125 1.4681615673635484)
(-0.171875 1.4640179208010453)
(-0.169921875 1.4598480857864788)
(-0.16796875 1.4556520126110517)
(-0.166015625 1.451429654018763)
(-0.1640625 1.447180965266208)
(-0.162109375 1.4429059041831322)
(-0.16015625 1.4386044312337418)
(-0.158203125 1.4342765095787613)
(-0.15625 1.4299221051382354)
(-0.154296875 1.4255411866550711)
(-0.15234375 1.4211337257593113)
(-0.150390625 1.4166996970331356)
(-0.1484375 1.4122390780765777)
(-0.146484375 1.4077518495739556)
(-0.14453125 1.4032379953609986)
(-0.142578125 1.3986975024926684)
(-0.140625 1.3941303613116578)
(-0.138671875 1.3895365655175578)
(-0.13671875 1.384916112236679)
(-0.134765625 1.3802690020925141)
(-0.1328125 1.3755952392768271)
(-0.130859375 1.3708948316213507)
(-0.12890625 1.3661677906700789)
(-0.126953125 1.3614141317521327)
(-0.125 1.356633874055182)
(-0.123046875 1.3518270406994017)
(-0.12109375 1.3469936588119416)
(-0.119140625 1.3421337596018843)
(-0.1171875 1.3372473784356704)
(-0.115234375 1.3323345549129615)
(-0.11328125 1.3273953329429158)
(-0.111328125 1.3224297608208466)
(-0.109375 1.3174378913052343)
(-0.107421875 1.3124197816950582)
(-0.10546875 1.3073754939074178)
(-0.103515625 1.3023050945554042)
(-0.1015625 1.297208655026189)
(-0.099609375 1.2920862515592892)
(-0.09765625 1.286937965324969)
(-0.095703125 1.281763882502737)
(-0.09375 1.2765640943598922)
(-0.091796875 1.2713386973300758)
(-0.08984375 1.2660877930917784)
(-0.087890625 1.2608114886467556)
(-0.0859375 1.2555098963982947)
(-0.083984375 1.250183134229285)
(-0.08203125 1.2448313255800296)
(-0.080078125 1.2394545995257433)
(-0.078125 1.2340530908536749)
(-0.076171875 1.228626940139791)
(-0.07421875 1.223176293824954)
(-0.072265625 1.2177013042905314)
(-0.0703125 1.2122021299333583)
(-0.068359375 1.2066789352399883)
(-0.06640625 1.2011318908601523)
(-0.064453125 1.1955611736793497)
(-0.0625 1.1899669668904904)
(-0.060546875 1.1843494600645061)
(-0.05859375 1.1787088492198423)
(-0.056640625 1.1730453368907476)
(-0.0546875 1.1673591321942636)
(-0.052734375 1.1616504508958263)
(-0.05078125 1.1559195154733795)
(-0.048828125 1.150166555179903)
(-0.046875 1.144391806104252)
(-0.044921875 1.1385955112302037)
(-0.04296875 1.1327779204936048)
(-0.041015625 1.126939290837506)
(-0.0390625 1.1210798862651759)
(-0.037109375 1.115199977890872)
(-0.03515625 1.1092998439882569)
(-0.033203125 1.1033797700363328)
(-0.03125 1.0974400487627742)
(-0.029296875 1.0914809801845304)
(-0.02734375 1.0855028716455688)
(-0.025390625 1.0795060378516288)
(-0.0234375 1.0734908009018507)
(-0.021484375 1.0674574903171419)
(-0.01953125 1.0614064430651455)
(-0.017578125 1.0553380035816478)
(-0.015625 1.0492525237883716)
(-0.013671875 1.0431503631068482)
(-0.01171875 1.037031888468353)
(-0.009765625 1.0308974743197332)
(-0.0078125 1.0247475026249278)
(-0.005859375 1.018582362862089)
(-0.00390625 1.0124024520160935)
(0.0 1.0)
(0.001953125 0.9938161638208862)
(0.0029296875 0.9907476195380402)
(0.00390625 0.9876945399905617)
(0.0048828125 0.9846568472372415)
(0.005859375 0.9816344637297153)
(0.0068359375 0.9786273123104829)
(0.0078125 0.9756353162109384)
(0.0087890625 0.972658399049409)
(0.009765625 0.9696964848292057)
(0.0107421875 0.9667494979366814)
(0.01171875 0.9638173631393009)
(0.0126953125 0.9609000055837194)
(0.013671875 0.9579973507938708)
(0.0146484375 0.9551093246690666)
(0.015625 0.9522358534821028)
(0.0166015625 0.9493768638773781)
(0.017578125 0.9465322828690196)
(0.0185546875 0.9437020378390201)
(0.01953125 0.9408860565353833)
(0.0205078125 0.9380842670702788)
(0.021484375 0.9352965979182063)
(0.0224609375 0.9325229779141693)
(0.0234375 0.9297633362518578)
(0.0244140625 0.9270176024818405)
(0.025390625 0.9242857065097653)
(0.0263671875 0.9215675785945696)
(0.02734375 0.9188631493467)
(0.0283203125 0.9161723497263395)
(0.029296875 0.9134951110416453)
(0.0302734375 0.9108313649469942)
(0.03125 0.9081810434412377)
(0.0322265625 0.9055440788659658)
(0.033203125 0.9029204039037784)
(0.0341796875 0.9003099515765675)
(0.03515625 0.8977126552438062)
(0.0361328125 0.8951284486008473)
(0.037109375 0.8925572656772301)
(0.0380859375 0.8899990408349959)
(0.0390625 0.8874537087670119)
(0.0400390625 0.8849212044953038)
(0.041015625 0.8824014633693962)
(0.0419921875 0.8798944210646622)
(0.04296875 0.8774000135806808)
(0.0439453125 0.8749181772396021)
(0.044921875 0.8724488486845223)
(0.0458984375 0.8699919648778653)
(0.046875 0.867547463099773)
(0.0478515625 0.8651152809465117)
(0.048828125 0.8626953563288556)
(0.0498046875 0.8602876274705241)
(0.05078125 0.8578920329065977)
(0.0517578125 0.8555085114819468)
(0.052734375 0.8531370023496724)
(0.0537109375 0.85077744496955)
(0.0546875 0.8484297791064859)
(0.0556640625 0.8460939448289776)
(0.056640625 0.8437698825075843)
(0.0576171875 0.8414575328134044)
(0.05859375 0.8391568367165599)
(0.0595703125 0.8368677354846897)
(0.060546875 0.83459017068145)
(0.0615234375 0.8323240841650217)
(0.0625 0.8300694180866263)
(0.0634765625 0.8278261148890484)
(0.064453125 0.8255941173051665)
(0.0654296875 0.8233733683564903)
(0.06640625 0.8211638113517064)
(0.0673828125 0.8189653898852296)
(0.068359375 0.8167780478357644)
(0.0693359375 0.8146017293648705)
(0.0703125 0.8124363789155379)
(0.0712890625 0.8102819412107679)
(0.072265625 0.8081383612521621)
(0.0732421875 0.8060055843185174)
(0.07421875 0.8038835559644297)
(0.0751953125 0.8017722220189032)
(0.076171875 0.799671528583967)
(0.0771484375 0.7975814220332995)
(0.078125 0.7955018490108587)
(0.0791015625 0.7934327564295203)
(0.080078125 0.7913740914697214)
(0.0810546875 0.7893258015781128)
(0.08203125 0.7872878344662168)
(0.0830078125 0.7852601381090915)
(0.083984375 0.7832426607440035)
(0.0849609375 0.7812353508691056)
(0.0859375 0.7792381572421218)
(0.0869140625 0.7772510288790391)
(0.087890625 0.775273915052806)
(0.0888671875 0.7733067652920365)
(0.08984375 0.7713495293797222)
(0.0908203125 0.76940215735195)
(0.091796875 0.7674645994966258)
(0.0927734375 0.765536806352206)
(0.09375 0.763618728706434)
(0.0947265625 0.7617103175950842)
(0.095703125 0.7598115243007113)
(0.0966796875 0.7579223003514066)
(0.09765625 0.7560425975195608)
(0.0986328125 0.7541723678206321)
(0.099609375 0.7523115635119211)
(0.1005859375 0.7504601370913518)
(0.1015625 0.7486180412962595)
(0.1025390625 0.7467852291021827)
(0.103515625 0.7449616537216638)
(0.10546875 0.7413420044454263)
(0.107421875 0.7377587473087733)
(0.109375 0.7342115164161163)
(0.111328125 0.7306999495508143)
(0.11328125 0.7272236881381813)
(0.115234375 0.7237823772088646)
(0.1171875 0.7203756653625921)
(0.119140625 0.7170032047322833)
(0.12109375 0.7136646509485222)
(0.123046875 0.7103596631043869)
(0.125 0.7070879037206337)
(0.126953125 0.7038490387112296)
(0.12890625 0.7006427373492337)
(0.130859375 0.6974686722330197)
(0.1328125 0.6943265192528396)
(0.134765625 0.6912159575577227)
(0.13671875 0.6881366695227078)
(0.138671875 0.6850883407164053)
(0.140625 0.6820706598688846)
(0.142578125 0.6790833188398856)
(0.14453125 0.6761260125873487)
(0.146484375 0.6731984391362624)
(0.1484375 0.6703002995478234)
(0.150390625 0.667431297888907)
(0.15234375 0.6645911412018446)
(0.154296875 0.6617795394745055)
(0.15625 0.6589962056106788)
(0.158203125 0.6562408554007538)
(0.16015625 0.6535132074926948)
(0.162109375 0.6508129833633082)
(0.1640625 0.648139907289798)
(0.166015625 0.6454937063216082)
(0.16796875 0.6428741102525473)
(0.169921875 0.6402808515931943)
(0.171875 0.6377136655435806)
(0.173828125 0.6351722899661485)
(0.17578125 0.6326564653589802)
(0.177734375 0.6301659348292968)
(0.1796875 0.6277004440672231)
(0.181640625 0.6252597413198171)
(0.18359375 0.6228435773653596)
(0.185546875 0.6204517054879035)
(0.1875 0.6180838814520786)
(0.189453125 0.6157398634781486)
(0.19140625 0.6134194122173212)
(0.193359375 0.6111222907273044)
(0.1953125 0.6088482644481098)
(0.197265625 0.6065971011780987)
(0.19921875 0.6043685710502694)
(0.201171875 0.6021624465087826)
(0.203125 0.5999785022857231)
(0.205078125 0.5978165153780953)
(0.20703125 0.5956762650250497)
(0.208984375 0.5935575326853384)
(0.2109375 0.5914601020149975)
(0.212890625 0.5893837588452545)
(0.21484375 0.5873282911606562)
(0.216796875 0.5852934890774185)
(0.21875 0.5832791448219922)
(0.220703125 0.5812850527098457)
(0.22265625 0.5793110091244603)
(0.224609375 0.5773568124965369)
(0.2265625 0.5754222632834115)
(0.228515625 0.5735071639486784)
(0.23046875 0.5716113189420174)
(0.232421875 0.569734534679225)
(0.234375 0.5678766195224447)
(0.236328125 0.5660373837605982)
(0.23828125 0.5642166395900113)
(0.240234375 0.5624142010952365)
(0.2421875 0.5606298842300668)
(0.244140625 0.5588635067987413)
(0.24609375 0.5571148884373399)
(0.248046875 0.5553838505953649)
(0.25 0.5536702165175071)
(0.251953125 0.5519738112256176)
(0.25390625 0.5502944615007752)
(0.255859375 0.5486319958656618)
(0.2578125 0.5469862445670308)
(0.259765625 0.5453570395583711)
(0.26171875 0.5437442144827476)
(0.263671875 0.5421476046558121)
(0.265625 0.5405670470489878)
(0.267578125 0.5390023802728193)
(0.26953125 0.5374534445604938)
(0.271484375 0.5359200817515245)
(0.2734375 0.5344021352756015)
(0.275390625 0.5328994501366016)
(0.27734375 0.5314118728967618)
(0.279296875 0.5299392516610104)
(0.28125 0.5284814360614557)
(0.283203125 0.5270382772420313)
(0.28515625 0.5256096278432956)
(0.287109375 0.5241953419873832)
(0.2890625 0.5227952752631096)
(0.291015625 0.5214092847112235)
(0.29296875 0.5200372288098092)
(0.294921875 0.5186789674598337)
(0.296875 0.517334361970842)
(0.298828125 0.5160032750467934)
(0.30078125 0.5146855707720424)
(0.302734375 0.513381114597458)
(0.3046875 0.5120897733266866)
(0.30859375 0.5095458451071515)
(0.3125 0.5070528139434777)
(0.31640625 0.5046096615177367)
(0.3203125 0.5022153898861691)
(0.32421875 0.49986902107153375)
(0.328125 0.49756959666361467)
(0.33203125 0.4953161774277205)
(0.3359375 0.49310784292101817)
(0.33984375 0.4909436911165434)
(0.34375 0.48882283803473414)
(0.34765625 0.4867444173823366)
(0.3515625 0.48470758019853694)
(0.35546875 0.4827114945081728)
(0.359375 0.48075534498188444)
(0.36328125 0.47883833260306496)
(0.3671875 0.4769596743414755)
(0.37109375 0.4751186028333902)
(0.375 0.47331436606814137)
(0.37890625 0.4715462270809367)
(0.3828125 0.46981346365182247)
(0.38671875 0.4681153680106702)
(0.390625 0.4664512465480664)
(0.39453125 0.46482041953198655)
(0.3984375 0.46322222083013825)
(0.40234375 0.46165599763786025)
(0.40625 0.4601211102114651)
(0.41015625 0.458616931606918)
(0.4140625 0.4571428474237435)
(0.41796875 0.45569825555405674)
(0.421875 0.4542825659366163)
(0.42578125 0.45289520031579766)
(0.4296875 0.4515355920053893)
(0.43359375 0.4502031856571149)
(0.4375 0.44889743703378754)
(0.44140625 0.4476178127870014)
(0.4453125 0.44636379023927303)
(0.44921875 0.44513485717054047)
(0.453125 0.4439305116089345)
(0.45703125 0.44275026162573633)
(0.4609375 0.44159362513443784)
(0.46484375 0.4404601296938217)
(0.46875 0.43934931231498225)
(0.47265625 0.43826071927220706)
(0.4765625 0.4371939059176425)
(0.48046875 0.4361484364997187)
(0.484375 0.43512388398500185)
(0.48828125 0.43411982988391873)
(0.4921875 0.43313586407976884)
(0.49609375 0.4321715846611951)
(0.5 0.43122659775802336)
(0.50390625 0.4303005173803699)
(0.5078125 0.4293929652609839)
(0.515625 0.4276317941730757)
(0.5234375 0.42594039722256427)
(0.53125 0.4243160100890674)
(0.5390625 0.42275597796986886)
(0.546875 0.4212577512409775)
(0.5546875 0.4198188812900927)
(0.5625 0.41843701651466414)
(0.5703125 0.4171098984785052)
(0.578125 0.4158353582206785)
(0.5859375 0.41461131271061974)
(0.59375 0.4134357614437061)
(0.6015625 0.4123067831717051)
(0.609375 0.4112225327627599)
(0.6171875 0.4101812381857778)
(0.625 0.40918119761429506)
(0.6328125 0.4082207766450821)
(0.640625 0.4072984056269453)
(0.6484375 0.4064125770953577)
(0.65625 0.4055618433087267)
(0.6640625 0.4047448138822717)
(0.671875 0.40396015351564435)
(0.6796875 0.40320657981057745)
(0.6875 0.4024828611749955)
(0.6953125 0.4017878148101615)
(0.703125 0.4011203047775704)
(0.7109375 0.4004792401424288)
(0.71875 0.39986357319068816)
(0.7265625 0.39927229771671546)
(0.734375 0.39870444737880456)
(0.7421875 0.39815909411983913)
(0.75 0.3976353466505269)
(0.7578125 0.3971323489927254)
(0.765625 0.39664927908047903)
(0.78125 0.3957394387639891)
(0.796875 0.39490029016184275)
(0.8125 0.3941263407485343)
(0.828125 0.39341252475108024)
(0.84375 0.392754169991581)
(0.859375 0.39214696730603)
(0.875 0.3915869423391999)
(0.890625 0.3910704295309911)
(0.90625 0.3905940481239695)
(0.921875 0.3901546800350525)
(0.9375 0.389749449446503)
(0.953125 0.38937570398264554)
(0.96875 0.3890309973490973)
(0.984375 0.3887130733208815)
(1.0 0.38841985097461706)
(1.015625 0.38814941106812423)
(1.03125 0.3878999834782942)
(1.0625 0.38745709332603373)
(1.09375 0.3870804518169772)
(1.125 0.3867601493083089)
(1.15625 0.38648775846743455)
(1.1875 0.38625611254406766)
(1.21875 0.3860591168089906)
(1.25 0.38589158819832275)
(1.28125 0.38574911894423286)
(1.3125 0.3856279606041351)
(1.34375 0.3855249254371071)
(1.375 0.3854373025326837)
(1.40625 0.38536278648532624)
(1.4375 0.38529941673795154)
(1.5 0.38519913542612105)
(1.5625 0.3851267671316005)
(1.625 0.3850745423455109)
(1.6875 0.38503685417967926)
(1.75 0.3850096564072969)
(1.8125 0.3849900290572621)
(1.875 0.38497586492410746)
(1.9375 0.3849656433369998)
(2.0 0.38495826689949536)
(2.125 0.3849489211293674)
(2.25 0.38494414247439346)
(2.375 0.38494169906490977)
(2.5 0.3849404497071015)
(2.75 0.3849394229495698)
(3.0 0.3849392026565221)
(3.5 0.38493913478327213)
(4.0 0.38493914346632574)
(4.5 0.3849391423554991)
(5.0 0.3849391424976076)
(5.5 0.38493914247942757)
(6.0 0.38493914248175337)
(6.5 0.38493914248145583)
(7.0 0.3849391424814939)
(7.5 0.384939142481489)
(8.0 0.38493914248148964)
(8.5 0.3849391424814896)
(9.0 0.3849391424814896)
(9.5 0.3849391424814896)
(10.0 0.3849391424814896)
(10.5 0.3849391424814896)
(11.0 0.3849391424814896)
(11.5 0.3849391424814896)
(12.0 0.3849391424814896)
(13.0 0.3849391424814896)
(14.0 0.3849391424814896)
(15.0 0.3849391424814896)
(16.0 0.3849391424814896)
(17.0 0.3849391424814896)
(18.0 0.3849391424814896)
(19.0 0.3849391424814896)
(20.0 0.3849391424814896))