((-50.0 -0.03493914248149035)
(-49.0 -0.03493914248149035)
(-48.0 -0.03493914248149035)
(-47.0 -0.03493914248149035)
(-46.0 -0.03493914248149035)
(-45.0 -0.03493914248149035)
(-44.0 -0.03493914248149035)
(-43.0 -0.03493914248149035)
(-42.0 -0.03493914248149035)
(-41.0 -0.03493914248149035)
(-40.0 -0.03493914248149035)
(-39.0 -0.03493914248149035)
(-38.0 -0.03493914248149035)
(-37.0 -0.03493914248149035)
(-36.0 -0.03493914248149035)
(-35.0 -0.03493914248149035)
(-34.0 -0.03493914248149035)
(-33.0 -0.03493914248149035)
(-32.0 -0.03493914248149035)
(-31.0 -0.03493914248149035)
(-30.0 -0.03493914248149035)
(-29.0 -0.03493914248149035)
(-28.0 -0.03493914248149035)
(-27.0 -0.03493914248149035)
(-26.0 -0.03493914248149035)
(-25.0 -0.03493914248149035)
(-24.0 -0.03493914248149035)
(-23.0 -0.03493914248149035)
(-22.0 -0.03493914248149035)
(-21.0 -0.03493914248149035)
(-20.0 -0.03493914248149035)
(-19.0 -0.03493914248149035)
(-18.0 -0.03493914248149035)
(-17.0 -0.03493914248149034)
(-16.0 -0.034939142481490354)
(-15.0 -0.03493914248149034)
(-14.0 -0.03493914248149036)
(-13.0 -0.034939142481490326)
(-12.5 -0.0349391424814904)
(-12.0 -0.03493914248149021)
(-11.5 -0.03493914248149068)
(-11.0 -0.03493914248148955)
(-10.5 -0.03493914248149228)
(-10.0 -0.03493914248148566)
(-9.5 -0.034939142481501685)
(-9.0 -0.03493914248146292)
(-8.5 -0.03493914248155672)
(-8.0 -0.03493914248132976)
(-7.5 -0.03493914248187889)
(-7.0 -0.03493914248055024)
(-6.5 -0.03493914248376479)
(-6.0 -0.0349391424759829)
(-5.5 -0.034939142494720465)
(-5.0 -0.034939142447369155)
(-4.5 -0.03493914251737721)
(-4.0 -0.034939141362487124)
(-3.75 -0.03493913864718358)
(-3.5 -0.03493913020275868)
(-3.25 -0.03493909827938755)
(-3.125 -0.03493906310871233)
(-3.0 -0.034939000833578614)
(-2.875 -0.034938889651524696)
(-2.75 -0.034938690092005925)
(-2.625 -0.034938328333241904)
(-2.5625 -0.034938056550284716)
(-2.5 -0.034937695284080264)
(-2.4375 -0.03493721448183652)
(-2.375 -0.034936574257363455)
(-2.3125 -0.03493572154240408)
(-2.25 -0.03493458564744209)
(-2.1875 -0.03493307234459015)
(-2.125 -0.03493105595436842)
(-2.0625 -0.03492836873291899)
(-2.0 -0.03492478659295894)
(-1.9375 -0.03492000981261635)
(-1.875 -0.03491363682920392)
(-1.8125 -0.03490512837638567)
(-1.78125 -0.03489989041056035)
(-1.75 -0.03489384974637033)
(-1.71875 -0.034886882483231386)
(-1.6875 -0.0348788458683364)
(-1.65625 -0.03486957536784048)
(-1.625 -0.034858881301430444)
(-1.59375 -0.03484654497101285)
(-1.5625 -0.034832314204445484)
(-1.53125 -0.03481589822372778)
(-1.5 -0.034796961733628985)
(-1.46875 -0.03477511811108502)
(-1.4375 -0.03474992155748201)
(-1.40625 -0.03472085805473135)
(-1.390625 -0.034704717461135605)
(-1.375 -0.03468738816802014)
(-1.359375 -0.03466878286952259)
(-1.34375 -0.03464880794468905)
(-1.328125 -0.034627363005771364)
(-1.3125 -0.03460434041614705)
(-1.296875 -0.034579624775929234)
(-1.28125 -0.03455309237324956)
(-1.265625 -0.034524610599111744)
(-1.25 -0.03449403732362894)
(-1.234375 -0.034461220231374795)
(-1.21875 -0.03442599611349784)
(-1.203125 -0.034388190114172906)
(-1.1875 -0.03434761492889333)
(-1.171875 -0.03430406995204646)
(-1.15625 -0.03425734037116357)
(-1.140625 -0.03420719620519784)
(-1.125 -0.034153391284162775)
(-1.109375 -0.03409566216746212)
(-1.09375 -0.03403372699826542)
(-1.078125 -0.033967284291335144)
(-1.0625 -0.033896011651797335)
(-1.046875 -0.03381956442247408)
(-1.03125 -0.03373757425756959)
(-1.0234375 -0.03369439233986176)
(-1.015625 -0.03364967717459355)
(-1.0078125 -0.03360337551173738)
(-1.0 -0.03355543233854814)
(-0.9921875 -0.03350579082672291)
(-0.984375 -0.033454392278390414)
(-0.9765625 -0.03340117607093338)
(-0.96875 -0.03334607960065042)
(-0.9609375 -0.03328903822526691)
(-0.953125 -0.03322998520530817)
(-0.9453125 -0.03316885164435195)
(-0.9375 -0.03310556642818156)
(-0.9296875 -0.03304005616286526)
(-0.921875 -0.03297224511179278)
(-0.9140625 -0.032902055131704674)
(-0.90625 -0.0328294056077564)
(-0.8984375 -0.03275421338766471)
(-0.890625 -0.0326763927149908)
(-0.8828125 -0.032595855161621744)
(-0.875 -0.03251250955951926)
(-0.8671875 -0.032426261931813166)
(-0.859375 -0.032337015423325476)
(-0.8515625 -0.032244670230620706)
(-0.84375 -0.0321491235316879)
(-0.8359375 -0.03205026941537044)
(-0.828125 -0.03194799881067169)
(-0.8203125 -0.03184219941607606)
(-0.8125 -0.031732755629038906)
(-0.8046875 -0.031619548475811915)
(-0.796875 -0.031502455541785906)
(-0.7890625 -0.03138135090254852)
(-0.78125 -0.03125610505587106)
(-0.7734375 -0.031126584854856535)
(-0.765625 -0.030992653442499896)
(-0.7578125 -0.03085417018793129)
(-0.75 -0.030710990624634563)
(-0.7421875 -0.030562966390955605)
(-0.734375 -0.030409945173238747)
(-0.7265625 -0.030251770651954717)
(-0.71875 -0.03008828245120997)
(-0.7109375 -0.02991931609205523)
(-0.703125 -0.02974470295004047)
(-0.6953125 -0.02956427021749467)
(-0.6875 -0.02937784087104111)
(-0.6796875 -0.029185233644893498)
(-0.67578125 -0.029086561609920642)
(-0.671875 -0.028986275681146215)
(-0.66796875 -0.02888435201149306)
(-0.6640625 -0.02878076648682946)
(-0.65625 -0.02856849883236045)
(-0.65234375 -0.02845977950189799)
(-0.6484375 -0.028349299177887217)
(-0.64453125 -0.02823703241296363)
(-0.640625 -0.02812295349500969)
(-0.63671875 -0.02800703644809054)
(-0.6328125 -0.02788925503356455)
(-0.62890625 -0.027769582751375713)
(-0.625 -0.027647992841535157)
(-0.62109375 -0.027524458285799143)
(-0.6171875 -0.027398951809551264)
(-0.61328125 -0.027271445883896645)
(-0.609375 -0.027141912727976263)
(-0.60546875 -0.02701032431150963)
(-0.6015625 -0.02687665235757439)
(-0.59765625 -0.02674086834563159)
(-0.59375 -0.026602943514805515)
(-0.58984375 -0.026462848867427433)
(-0.5859375 -0.02632055517285258)
(-0.58203125 -0.026176032971560112)
(-0.578125 -0.02602925257954604)
(-0.57421875 -0.02588018409301919)
(-0.5703125 -0.02572879739341076)
(-0.56640625 -0.02557506215270812)
(-0.5625 -0.025418947839123792)
(-0.55859375 -0.025260423723110857)
(-0.5546875 -0.02509945888373629)
(-0.55078125 -0.024936022215423913)
(-0.546875 -0.02477008243507907)
(-0.54296875 -0.024601608089607246)
(-0.5390625 -0.024430567563839253)
(-0.53515625 -0.024256929088875816)
(-0.53125 -0.02408066075086466)
(-0.52734375 -0.023901730500223563)
(-0.5234375 -0.02372010616132302)
(-0.51953125 -0.023535755442642473)
(-0.515625 -0.02334864594741447)
(-0.51171875 -0.023158745184771137)
(-0.5078125 -0.02296602058140791)
(-0.50390625 -0.022770439493779625)
(-0.5 -0.022571969220844246)
(-0.49609375 -0.022370577017370087)
(-0.4921875 -0.022166230107822305)
(-0.48828125 -0.02195889570084502)
(-0.484375 -0.021748541004355512)
(-0.48046875 -0.021535133241267285)
(-0.4765625 -0.021318639665859083)
(-0.47265625 -0.02109902758080711)
(-0.46875 -0.0208762643548981)
(-0.46484375 -0.020650317441441027)
(-0.4609375 -0.020421154397395558)
(-0.45703125 -0.020188742903235544)
(-0.453125 -0.019953050783566156)
(-0.44921875 -0.01971404602851341)
(-0.4453125 -0.019471696815905083)
(-0.44140625 -0.019225971534262296)
(-0.4375 -0.018976838806621057)
(-0.43359375 -0.018724267515203466)
(-0.4296875 -0.01846822682695828)
(-0.42578125 -0.018208686219990795)
(-0.423828125 -0.018077594952365942)
(-0.421875 -0.01794561745865219)
(-0.419921875 -0.017812750023520663)
(-0.41796875 -0.0176789889563898)
(-0.416015625 -0.017544330592360925)
(-0.4140625 -0.017408771293169104)
(-0.412109375 -0.017272307448149542)
(-0.41015625 -0.017134935475219562)
(-0.408203125 -0.01699665182187643)
(-0.40625 -0.0168574529662111)
(-0.404296875 -0.01671733541793812)
(-0.40234375 -0.016576295719441813)
(-0.400390625 -0.016434330446838865)
(-0.3984375 -0.016291436211057567)
(-0.396484375 -0.0161476096589338)
(-0.39453125 -0.01600284747432393)
(-0.392578125 -0.015857146379234816)
(-0.390625 -0.015710503134971035)
(-0.388671875 -0.015562914543299528)
(-0.38671875 -0.015414377447631793)
(-0.384765625 -0.015264888734223818)
(-0.3828125 -0.015114445333393869)
(-0.380859375 -0.014963044220758332)
(-0.37890625 -0.014810682418485729)
(-0.376953125 -0.014657356996569105)
(-0.375 -0.014503065074116884)
(-0.373046875 -0.014347803820662414)
(-0.37109375 -0.014191570457492303)
(-0.369140625 -0.014034362258993719)
(-0.3671875 -0.013876176554020802)
(-0.365234375 -0.01371701072728035)
(-0.36328125 -0.013556862220736892)
(-0.361328125 -0.013395728535037343)
(-0.359375 -0.013233607230955352)
(-0.357421875 -0.013070495930855486)
(-0.35546875 -0.012906392320177434)
(-0.353515625 -0.012741294148940317)
(-0.3515625 -0.012575199233267267)
(-0.349609375 -0.012408105456930444)
(-0.34765625 -0.012240010772916554)
(-0.345703125 -0.012070913205013118)
(-0.34375 -0.011900810849415345)
(-0.341796875 -0.011729701876354253)
(-0.33984375 -0.011557584531745636)
(-0.337890625 -0.011384457138860255)
(-0.3359375 -0.011210318100015363)
(-0.333984375 -0.011035165898287638)
(-0.33203125 -0.010858999099247662)
(-0.330078125 -0.010681816352716053)
(-0.328125 -0.01050361639454136)
(-0.326171875 -0.010324398048399831)
(-0.32421875 -0.01014416022761715)
(-0.322265625 -0.009962901937012242)
(-0.3203125 -0.009780622274763262)
(-0.318359375 -0.009597320434295821)
(-0.31640625 -0.009412995706193592)
(-0.314453125 -0.009227647480131312)
(-0.3125 -0.009041275246830337)
(-0.310546875 -0.008853878600036759)
(-0.30859375 -0.008665457238522203)
(-0.306640625 -0.00847601096810734)
(-0.3046875 -0.00828553970370821)
(-0.302734375 -0.008094043471405372)
(-0.30078125 -0.007901522410535988)
(-0.298828125 -0.007707976775808828)
(-0.296875 -0.007513406939442292)
(-0.294921875 -0.007317813393325448)
(-0.29296875 -0.007121196751202147)
(-0.291015625 -0.006923557750878214)
(-0.2890625 -0.006724897256451756)
(-0.287109375 -0.006525216260566593)
(-0.28515625 -0.006324515886688817)
(-0.283203125 -0.006122797391406486)
(-0.28125 -0.005920062166752448)
(-0.279296875 -0.005716311742550272)
(-0.27734375 -0.005511547788783292)
(-0.275390625 -0.005305772117986706)
(-0.2734375 -0.0050989866876627295)
(-0.271484375 -0.004891193602718739)
(-0.26953125 -0.004682395117928369)
(-0.267578125 -0.004472593640415512)
(-0.265625 -0.004261791732161138)
(-0.263671875 -0.0040499921125328985)
(-0.26171875 -0.003837197660837387)
(-0.259765625 -0.003623411418895019)
(-0.2578125 -0.0034086365936373936)
(-0.255859375 -0.0031928765597270614)
(-0.25390625 -0.0029761348621995644)
(-0.251953125 -0.002758415219127637)
(-0.25 -0.0025397215243074334)
(-0.248046875 -0.002320057849966635)
(-0.24609375 -0.0020994284494942938)
(-0.244140625 -0.0018778377601922462)
(-0.2421875 -0.0016552904060479282)
(-0.240234375 -0.0014317912005284111)
(-0.23828125 -0.001207345149395467)
(-0.236328125 -0.000981957453541462)
(-0.234375 -0.0007556335118458665)
(-0.232421875 -0.0005283789240521593)
(-0.23046875 -0.00030019949366489235)
(-0.228515625 -7.110123086667263e-05)
(-0.2265625 0.0001589096445451948)
(-0.224609375 0.00038982670020266876)
(-0.22265625 0.0006216432881918168)
(-0.220703125 0.0008543525420588319)
(-0.21875 0.001087947373797522)
(-0.216796875 0.0013224204708185846)
(-0.21484375 0.0015577642929009918)
(-0.212890625 0.0017939710691258193)
(-0.2109375 0.002031032794792871)
(-0.208984375 0.002268941228320456)
(-0.20703125 0.0025076878881286906)
(-0.205078125 0.002747264049506715)
(-0.203125 0.0029876607414642095)
(-0.201171875 0.0032288687435676334)
(-0.19921875 0.0034708785827615948)
(-0.197265625 0.0037136805301757948)
(-0.1953125 0.003957264597917982)
(-0.193359375 0.004201620535853385)
(-0.19140625 0.004446737828371083)
(-0.189453125 0.004692605691137807)
(-0.1875 0.004939213067839654)
(-0.185546875 0.005186548626912234)
(-0.18359375 0.005434600758259756)
(-0.181640625 0.0056833575699635885)
(-0.1796875 0.005932806884980838)
(-0.177734375 0.006182936237833498)
(-0.17578125 0.006433732871288723)
(-0.173828125 0.0066851837330308235)
(-0.171875 0.006937275472325553)
(-0.169921875 0.007189994436677286)
(-0.16796875 0.0074433266684797)
(-0.166015625 0.007697257901660575)
(-0.1640625 0.00795177355832135)
(-0.162109375 0.008206858745372045)
(-0.16015625 0.008462498251162236)
(-0.158203125 0.008718676542108696)
(-0.15625 0.008975377759320405)
(-0.154296875 0.009232585715221554)
(-0.15234375 0.009490283890173269)
(-0.150390625 0.009748455429094706)
(-0.1484375 0.01000708313808422)
(-0.146484375 0.0102661494810413)
(-0.14453125 0.010525636576289972)
(-0.142578125 0.010785526193204388)
(-0.140625 0.011045799748837268)
(-0.138671875 0.011306438304551959)
(-0.13671875 0.011567422562658778)
(-0.134765625 0.011828732863056383)
(-0.1328125 0.012090349179878857)
(-0.130859375 0.012352251118149226)
(-0.12890625 0.012614417910440143)
(-0.126953125 0.01287682841354238)
(-0.125 0.013139461105141909)
(-0.123046875 0.013402294080506192)
(-0.12109375 0.013665305049180407)
(-0.119140625 0.01392847133169428)
(-0.1171875 0.01419176985628018)
(-0.115234375 0.014455177155603152)
(-0.11328125 0.014718669363503484)
(-0.111328125 0.014982222211752516)
(-0.109375 0.01524581102682221)
(-0.107421875 0.015509410726669136)
(-0.10546875 0.01577299581753342)
(-0.103515625 0.016036540390753213)
(-0.1015625 0.016300018119595184)
(-0.099609375 0.016563402256101586)
(-0.09765625 0.016826665627954273)
(-0.095703125 0.017089780635356235)
(-0.09375 0.01735271924793092)
(-0.091796875 0.017615453001639816)
(-0.08984375 0.017877952995718566)
(-0.087890625 0.01814018988963192)
(-0.0859375 0.01840213390004781)
(-0.083984375 0.018663754797830646)
(-0.08203125 0.01892502190505409)
(-0.080078125 0.019185904092033367)
(-0.078125 0.019446369774377095)
(-0.076171875 0.019706386910058726)
(-0.07421875 0.01996592299650741)
(-0.072265625 0.020224945067718197)
(-0.0703125 0.02048341969138135)
(-0.068359375 0.02074131296603045)
(-0.06640625 0.020998590518208966)
(-0.064453125 0.02125521749965479)
(-0.0625 0.021511158584502258)
(-0.060546875 0.021766377966501)
(-0.05859375 0.022020839356250904)
(-0.056640625 0.022274505978452368)
(-0.0546875 0.022527340569170964)
(-0.052734375 0.022779305373115448)
(-0.05078125 0.023030362140927987)
(-0.048828125 0.023280472126485364)
(-0.046875 0.02352959608420978)
(-0.044921875 0.02377769426638776)
(-0.04296875 0.024024726420495492)
(-0.041015625 0.02427065178652892)
(-0.0390625 0.024515429094336558)
(-0.037109375 0.02475901656095309)
(-0.03515625 0.025001371887931473)
(-0.033203125 0.02524245225867116)
(-0.03125 0.025482214335740005)
(-0.029296875 0.025720614258187054)
(-0.02734375 0.025957607638843385)
(-0.025390625 0.026193149561607947)
(-0.0234375 0.026427194578715143)
(-0.021484375 0.026659696707980726)
(-0.01953125 0.026890609430022375)
(-0.017578125 0.02711988568545072)
(-0.015625 0.02734747787202866)
(-0.013671875 0.027573337841790963)
(-0.01171875 0.02779741689812353)
(-0.009765625 0.02801966579279529)
(-0.0078125 0.028240034722938866)
(-0.005859375 0.028458473327974004)
(-0.00390625 0.02867493068646917)
(0.0 0.02910166850157124)
(0.001953125 0.029311889185845454)
(0.0029296875 0.02941620411373575)
(0.00390625 0.029519992780755455)
(0.0048828125 0.029623257844642717)
(0.005859375 0.029726001949685395)
(0.0068359375 0.029828227726789402)
(0.0078125 0.0299299377935467)
(0.0087890625 0.03003113475430297)
(0.009765625 0.0301318212002249)
(0.0107421875 0.030231999709367168)
(0.01171875 0.030331672846739047)
(0.0126953125 0.030430843164370693)
(0.013671875 0.030529513201379067)
(0.0146484375 0.03062768548403356)
(0.015625 0.030725362525821243)
(0.0166015625 0.0308225468275118)
(0.017578125 0.030919240877222125)
(0.0185546875 0.031015447150480602)
(0.01953125 0.031111168110291028)
(0.0205078125 0.03120640620719624)
(0.021484375 0.031301163879341384)
(0.0224609375 0.0313954435525369)
(0.0234375 0.03148924764032115)
(0.0244140625 0.03158257854402271)
(0.025390625 0.031675438652822435)
(0.0263671875 0.03176783034381509)
(0.02734375 0.031859755982070734)
(0.0283203125 0.03195121792069578)
(0.029296875 0.03204221850089372)
(0.0302734375 0.03213276005202559)
(0.03125 0.032222844891670044)
(0.0322265625 0.03231247532568322)
(0.033203125 0.03240165364825821)
(0.0341796875 0.03249038214198428)
(0.03515625 0.03257866307790577)
(0.0361328125 0.03266649871558072)
(0.037109375 0.03275389130313912)
(0.0380859375 0.03284084307734094)
(0.0390625 0.03292735626363387)
(0.0400390625 0.033013433076210665)
(0.041015625 0.03309907571806631)
(0.0419921875 0.03318428638105485)
(0.04296875 0.033269067245945895)
(0.0439453125 0.0333534204824809)
(0.044921875 0.03343734824942909)
(0.0458984375 0.033520852694643166)
(0.046875 0.0336039359551147)
(0.0478515625 0.03368660015702915)
(0.048828125 0.033768847415820875)
(0.0498046875 0.0338506798362275)
(0.05078125 0.03393209951234426)
(0.0517578125 0.03401310852767798)
(0.052734375 0.03409370895520078)
(0.0537109375 0.03417390285740353)
(0.0546875 0.03425369228634902)
(0.0556640625 0.034333079283724824)
(0.056640625 0.034412065880895966)
(0.0576171875 0.03449065409895724)
(0.05859375 0.03456884594878534)
(0.0595703125 0.03464664343109065)
(0.060546875 0.03472404853646881)
(0.0615234375 0.03480106324545202)
(0.0625 0.034877689528560095)
(0.0634765625 0.03495392934635118)
(0.064453125 0.035029784649472324)
(0.0654296875 0.03510525737870972)
(0.06640625 0.03518034946503867)
(0.0673828125 0.035255062829673396)
(0.068359375 0.03532939938411648)
(0.0693359375 0.03540336103020813)
(0.0703125 0.035476949660175144)
(0.0712890625 0.03555016715667968)
(0.072265625 0.035623015392867725)
(0.0732421875 0.03569549623241734)
(0.07421875 0.03576761152958668)
(0.0751953125 0.035839363129261684)
(0.076171875 0.03591075286700367)
(0.0771484375 0.03598178256909653)
(0.078125 0.036052454052593795)
(0.0791015625 0.036122769125365405)
(0.080078125 0.03619272958614426)
(0.0810546875 0.036262337224572526)
(0.08203125 0.03633159382124772)
(0.0830078125 0.036400501147768535)
(0.083984375 0.03646906096678046)
(0.0849609375 0.03653727503202113)
(0.0859375 0.0366051450883655)
(0.0869140625 0.03667267287187074)
(0.087890625 0.036739860109820895)
(0.0888671875 0.0368067085207714)
(0.08984375 0.03687321981459323)
(0.0908203125 0.03693939569251699)
(0.091796875 0.03700523784717662)
(0.0927734375 0.03707074796265299)
(0.09375 0.037135927714517236)
(0.0947265625 0.03720077876987384)
(0.095703125 0.03726530278740359)
(0.0966796875 0.03732950141740616)
(0.09765625 0.037393376301842675)
(0.0986328125 0.03745692907437787)
(0.099609375 0.03752016136042217)
(0.1005859375 0.037583074777173445)
(0.1015625 0.0376456709336587)
(0.1025390625 0.037707951430775356)
(0.103515625 0.03776991786133253)
(0.10546875 0.037892915634390664)
(0.107421875 0.0380146760387946)
(0.109375 0.03813521153022554)
(0.111328125 0.038254534438829514)
(0.11328125 0.038372656970485614)
(0.115234375 0.038489591208061426)
(0.1171875 0.03860534911265568)
(0.119140625 0.03871994252482829)
(0.12109375 0.03883338316581794)
(0.123046875 0.03894568263874726)
(0.125 0.03905685242981583)
(0.126953125 0.03916690390948106)
(0.12890625 0.03927584833362706)
(0.130859375 0.0393836968447217)
(0.1328125 0.03949046047296191)
(0.134765625 0.039596150137407374)
(0.13671875 0.03970077664710271)
(0.138671875 0.039804350702188296)
(0.140625 0.039906882894999794)
(0.142578125 0.040008383711156593)
(0.14453125 0.04010886353063913)
(0.146484375 0.04020833262885537)
(0.1484375 0.04030680117769644)
(0.150390625 0.040404279246581534)
(0.15234375 0.040500776803492324)
(0.154296875 0.04059630371599676)
(0.15625 0.04069086975226261)
(0.158203125 0.040784484582060646)
(0.16015625 0.040877157777757744)
(0.162109375 0.040968898815299866)
(0.1640625 0.04105971707518507)
(0.166015625 0.041149621843426756)
(0.16796875 0.041238622312507064)
(0.169921875 0.041326727582320644)
(0.171875 0.041413946661108876)
(0.173828125 0.04150028846638466)
(0.17578125 0.04158576182584778)
(0.177734375 0.041670375478291014)
(0.1796875 0.041754138074497155)
(0.181640625 0.0418370581781268)
(0.18359375 0.04191914426659731)
(0.185546875 0.04200040473195277)
(0.1875 0.042080847881725156)
(0.189453125 0.04216048193978683)
(0.19140625 0.042239315047194394)
(0.193359375 0.042317355263023965)
(0.1953125 0.04239461056519805)
(0.197265625 0.04247108885130401)
(0.19921875 0.0425467979394043)
(0.201171875 0.04262174556883846)
(0.203125 0.042695939401017)
(0.205078125 0.04276938702020728)
(0.20703125 0.04284209593431144)
(0.208984375 0.04291407357563644)
(0.2109375 0.042985327301656294)
(0.212890625 0.04305586439576669)
(0.21484375 0.04312569206803184)
(0.216796875 0.0431948174559239)
(0.21875 0.04326324762505486)
(0.220703125 0.04333098956990101)
(0.22265625 0.04339805021452015)
(0.224609375 0.04346443641326149)
(0.2265625 0.04353015495146839)
(0.228515625 0.04359521254617402)
(0.23046875 0.04365961584678994)
(0.232421875 0.0437233714357878)
(0.234375 0.04378648582937405)
(0.236328125 0.043848965478157906)
(0.23828125 0.043910816767812534)
(0.240234375 0.04397204601972959)
(0.2421875 0.04403265949166705)
(0.244140625 0.04409266337839065)
(0.24609375 0.04415206381230868)
(0.248046875 0.04421086686410049)
(0.25 0.04426907854333856)
(0.251953125 0.04432670479910428)
(0.25390625 0.04438375152059779)
(0.255859375 0.04444022453774117)
(0.2578125 0.04449612962177584)
(0.259765625 0.044551472485853935)
(0.26171875 0.04460625878562361)
(0.263671875 0.04466049411980849)
(0.265625 0.04471418403078125)
(0.267578125 0.0447673340051314)
(0.26953125 0.04481994947422735)
(0.271484375 0.04487203581477279)
(0.2734375 0.04492359834935743)
(0.275390625 0.04497464234700224)
(0.27734375 0.04502517302369912)
(0.279296875 0.04507519554294517)
(0.28125 0.04512471501627153)
(0.283203125 0.04517373650376688)
(0.28515625 0.04522226501459573)
(0.287109375 0.04527030550751138)
(0.2890625 0.04531786289136372)
(0.291015625 0.045364942025602005)
(0.29296875 0.045411547720772404)
(0.294921875 0.045457684739010636)
(0.296875 0.0455033577945296)
(0.298828125 0.0455485715541021)
(0.30078125 0.045593330637538634)
(0.302734375 0.045637639618160475)
(0.3046875 0.04568150302326785)
(0.30859375 0.04576791317201587)
(0.3125 0.04585259412866338)
(0.31640625 0.04593558050415939)
(0.3203125 0.04601690621640157)
(0.32421875 0.04609660450412542)
(0.328125 0.04617470794051471)
(0.33203125 0.04625124844653859)
(0.3359375 0.04632625730402114)
(0.33984375 0.046399765168448535)
(0.34375 0.04647180208151925)
(0.34765625 0.04654239748344239)
(0.3515625 0.04661158022498925)
(0.35546875 0.046679378579303064)
(0.359375 0.04674582025347182)
(0.36328125 0.04681093239986888)
(0.3671875 0.04687474162726611)
(0.37109375 0.046937274011724046)
(0.375 0.046998555107263675)
(0.37890625 0.047058609956324084)
(0.3828125 0.04711746310001043)
(0.38671875 0.04717513858813631)
(0.390625 0.04723165998906479)
(0.39453125 0.04728705039935205)
(0.3984375 0.04734133245319764)
(0.40234375 0.04739452833170525)
(0.40625 0.04744665977195778)
(0.41015625 0.04749774807591046)
(0.4140625 0.04754781411910564)
(0.41796875 0.047596878359212925)
(0.421875 0.04764496084439801)
(0.42578125 0.0476920812215238)
(0.4296875 0.047738258744187106)
(0.43359375 0.04778351228059429)
(0.4375 0.04782786032127895)
(0.44140625 0.04787132098666499)
(0.4453125 0.047913912034478076)
(0.44921875 0.04795565086700858)
(0.453125 0.047996554538228854)
(0.45703125 0.048036639760768024)
(0.4609375 0.048075922912746864)
(0.46484375 0.0481144200444758)
(0.46875 0.048152146885018635)
(0.47265625 0.04818911884862474)
(0.4765625 0.04822535104103244)
(0.48046875 0.04826085826564579)
(0.484375 0.04829565502958851)
(0.48828125 0.04832975554963527)
(0.4921875 0.048363173758024965)
(0.49609375 0.04839592330815749)
(0.5 0.04842801758017622)
(0.50390625 0.04845946968643873)
(0.5078125 0.04849029247687784)
(0.515625 0.048550106214574354)
(0.5234375 0.048607550081703935)
(0.53125 0.048662717981126716)
(0.5390625 0.04871570009441884)
(0.546875 0.04876658302938341)
(0.5546875 0.04881544996171085)
(0.5625 0.048862380771021334)
(0.5703125 0.048907452171512024)
(0.578125 0.04895073783742339)
(0.5859375 0.04899230852353027)
(0.59375 0.04903223218085513)
(0.6015625 0.04907057406779305)
(0.609375 0.04910739685683061)
(0.6171875 0.04914276073703358)
(0.625 0.04917672351247104)
(0.6328125 0.04920934069673749)
(0.640625 0.04924066560372747)
(0.6484375 0.049270749434811585)
(0.65625 0.049299641362556525)
(0.6640625 0.04932738861112626)
(0.671875 0.04935403653349603)
(0.6796875 0.049379628685605526)
(0.6875 0.04940420689757271)
(0.6953125 0.04942781134208479)
(0.703125 0.04945048060007837)
(0.7109375 0.04947225172381613)
(0.71875 0.04949316029746354)
(0.7265625 0.04951324049526446)
(0.734375 0.049532525137411014)
(0.7421875 0.049551045743699076)
(0.75 0.04956883258505724)
(0.7578125 0.04958591473303353)
(0.765625 0.04960232010732082)
(0.78125 0.049633218850674996)
(0.796875 0.04966171681725184)
(0.8125 0.04968800054620978)
(0.828125 0.04971224208224151)
(0.84375 0.04973460010189256)
(0.859375 0.049755220952346906)
(0.875 0.04977423960948386)
(0.890625 0.049791780561481216)
(0.90625 0.04980795862375209)
(0.921875 0.04982287969055227)
(0.9375 0.049836641428180534)
(0.953125 0.04984933391431128)
(0.96875 0.04986104022764612)
(0.984375 0.04987183699174539)
(1.0 0.0498817948766008)
(1.015625 0.049890979061233034)
(1.03125 0.049899449660343494)
(1.0625 0.04991449026876489)
(1.09375 0.049927281055598745)
(1.125 0.04993815855741011)
(1.15625 0.04994740897006789)
(1.1875 0.049955275679028285)
(1.21875 0.04996196566316552)
(1.25 0.04996765494066248)
(1.28125 0.049972493200263035)
(1.3125 0.04997660773974958)
(1.34375 0.049980106815278376)
(1.375 0.049983082489702145)
(1.40625 0.049985613054825705)
(1.4375 0.04998776509132884)
(1.5 0.04999117064401145)
(1.5625 0.04999362827045426)
(1.625 0.04999540182339806)
(1.6875 0.049996681712841294)
(1.75 0.04999760534865852)
(1.8125 0.049998271893054835)
(1.875 0.04999875290670657)
(1.9375 0.04999910003157377)
(2.0 0.04999935053522105)
(2.125 0.04999966791735411)
(2.25 0.04999983020036237)
(2.375 0.0499999131784893)
(2.5 0.049999955606650104)
(2.75 0.049999990475310854)
(3.0 0.04999999795645737)
(3.5 0.05000000026143128)
(4.0 0.04999999996655499)
(4.5 0.050000000004278636)
(5.0 0.049999999999452635)
(5.5 0.05000000000007003)
(6.0 0.049999999999991045)
(6.5 0.05000000000000115)
(7.0 0.04999999999999986)
(7.5 0.050000000000000024)
(8.0 0.05)
(8.5 0.05)
(9.0 0.05)
(9.5 0.05)
(10.0 0.05)
(10.5 0.05)
(11.0 0.05)
(11.5 0.05)
(12.0 0.05)
(13.0 0.05)
(14.0 0.05)
(15.0 0.05)
(16.0 0.05)
(17.0 0.05)
(18.0 0.05)
(19.0 0.05)
(20.0 0.05))