((-50.0 1.0)
(-49.0 1.0)
(-48.0 1.0)
(-47.0 1.0)
(-46.0 1.0)
(-45.0 1.0)
(-44.0 1.0)
(-43.0 1.0)
(-42.0 1.0)
(-41.0 1.0)
(-40.0 1.0)
(-39.0 1.0)
(-38.0 1.0)
(-37.0 1.0)
(-36.0 1.0)
(-35.0 1.0)
(-34.0 1.0)
(-33.0 1.0)
(-32.0 1.0)
(-31.0 1.0)
(-30.0 1.0)
(-29.0 1.0)
(-28.0 1.0)
(-27.0 1.0)
(-26.0 1.0)
(-25.0 1.0)
(-24.0 1.0)
(-23.0 1.0)
(-22.0 1.0)
(-21.0 1.0)
(-20.0 1.0)
(-19.0 1.0)
(-18.0 1.0)
(-17.0 1.0)
(-16.0 1.0)
(-15.0 1.0)
(-14.0 1.0)
(-13.0 1.0)
(-12.5 1.0)
(-12.0 1.0)
(-11.5 1.0)
(-11.0 1.0)
(-10.5 1.0)
(-10.0 1.0)
(-9.5 1.0)
(-9.0 1.0)
(-8.5 1.0)
(-8.0 1.0)
(-7.5 1.0)
(-7.0 0.9999999999999999)
(-6.5 0.9999999999999987)
(-6.0 0.9999999999999721)
(-5.5 0.9999999999993827)
(-5.0 0.9999999999863496)
(-4.5 0.9999999996981082)
(-4.0 0.9999999933233817)
(-3.75 0.9999999755206163)
(-3.5 0.9999999194116205)
(-3.25 0.999999734520447)
(-3.125 0.999999513345424)
(-3.0 0.9999991295669123)
(-2.875 0.999998448789017)
(-2.75 0.9999972370763246)
(-2.625 0.9999950792535471)
(-2.5625 0.9999934106444633)
(-2.5 0.9999912045662007)
(-2.4375 0.9999882752087239)
(-2.375 0.9999843785053879)
(-2.3125 0.9999791912435294)
(-2.25 0.9999722839559839)
(-2.1875 0.9999630852046509)
(-2.125 0.9999508342240732)
(-2.0625 0.9999345179687322)
(-2.0 0.9999127873406412)
(-1.9375 0.9998838456676264)
(-1.875 0.9998453002220724)
(-1.8125 0.999793964531274)
(-1.78125 0.9997620830377131)
(-1.75 0.9997253509452081)
(-1.71875 0.9996830091865175)
(-1.6875 0.9996341855312899)
(-1.65625 0.9995778763102996)
(-1.625 0.9995129255741907)
(-1.59375 0.999438001234587)
(-1.5625 0.9993515676828724)
(-1.53125 0.9992518543175606)
(-1.5 0.9991368193343455)
(-1.46875 0.9990041080426705)
(-1.4375 0.998851004867745)
(-1.40625 0.998674378075822)
(-1.390625 0.9985760125257556)
(-1.375 0.998470387354918)
(-1.359375 0.998356962423779)
(-1.34375 0.9982351581844511)
(-1.328125 0.9981043527240421)
(-1.3125 0.9979638786016847)
(-1.296875 0.9978130194633658)
(-1.28125 0.9976510064177705)
(-1.265625 0.9974770141553663)
(-1.25 0.9972901567918886)
(-1.234375 0.9970894834162486)
(-1.21875 0.9968739733216687)
(-1.203125 0.9966425308975531)
(-1.1875 0.9963939801582317)
(-1.171875 0.9961270588832695)
(-1.15625 0.9958404123425065)
(-1.140625 0.9955325865774)
(-1.125 0.9952020212085697)
(-1.109375 0.9948470417377144)
(-1.09375 0.9944658513102659)
(-1.078125 0.9940565219032965)
(-1.0625 0.9936169849012929)
(-1.046875 0.9931450210204741)
(-1.03125 0.9926382495403727)
(-1.0234375 0.9923709320320406)
(-1.015625 0.9920939469788814)
(-1.0078125 0.9918069457944961)
(-1.0 0.9915095675351261)
(-0.9921875 0.9912014384677627)
(-0.984375 0.9908821716243204)
(-0.9765625 0.9905513663414633)
(-0.96875 0.990208607785671)
(-0.9609375 0.9898534664631229)
(-0.953125 0.9894854977139782)
(-0.9453125 0.9891042411906221)
(-0.9375 0.9887092203194467)
(-0.9296875 0.9882999417457323)
(-0.921875 0.9878758947611911)
(-0.9140625 0.9874365507137348)
(-0.90625 0.986981362399029)
(-0.8984375 0.9865097634333931)
(-0.890625 0.9860211676076106)
(-0.8828125 0.9855149682212149)
(-0.875 0.984990537396822)
(-0.8671875 0.9844472253740842)
(-0.859375 0.9838843597828506)
(-0.8515625 0.9833012448951238)
(-0.84375 0.9826971608554222)
(-0.8359375 0.9820713628891606)
(-0.828125 0.9814230804886866)
(-0.8203125 0.980751516576625)
(-0.8125 0.9800558466462039)
(-0.8046875 0.9793352178782653)
(-0.796875 0.978588748234685)
(-0.7890625 0.977815525527966)
(-0.78125 0.9770146064668022)
(-0.7734375 0.9761850156774495)
(-0.765625 0.975325744700793)
(-0.7578125 0.9744357509650431)
(-0.75 0.9735139567340566)
(-0.7421875 0.9725592480313401)
(-0.734375 0.9715704735398623)
(-0.7265625 0.9705464434778832)
(-0.71875 0.9694859284510898)
(-0.7109375 0.9683876582814251)
(-0.703125 0.9672503208131001)
(-0.6953125 0.9660725606963934)
(-0.6875 0.9648529781499637)
(-0.6796875 0.9635901277025446)
(-0.67578125 0.9629419587827305)
(-0.671875 0.962282411345827)
(-0.66796875 0.9616112912308552)
(-0.6640625 0.960928401180803)
(-0.65625 0.959526619481873)
(-0.65234375 0.9588071986083939)
(-0.6484375 0.9580751871589663)
(-0.64453125 0.9573303717624664)
(-0.640625 0.9565725356998753)
(-0.63671875 0.9558014588616341)
(-0.6328125 0.9550169177048701)
(-0.62890625 0.9542186852105148)
(-0.625 0.9534065308403349)
(-0.62109375 0.9525802204938959)
(-0.6171875 0.9517395164654864)
(-0.61328125 0.9508841774010228)
(-0.609375 0.9500139582549649)
(-0.60546875 0.9491286102472665)
(-0.6015625 0.9482278808203908)
(-0.59765625 0.9473115135964236)
(-0.59375 0.9463792483343111)
(-0.58984375 0.9454308208872603)
(-0.5859375 0.9444659631603349)
(-0.58203125 0.9434844030682851)
(-0.578125 0.9424858644936472)
(-0.57421875 0.9414700672451576)
(-0.5703125 0.94043672701652)
(-0.56640625 0.9393855553455727)
(-0.5625 0.9383162595739012)
(-0.55859375 0.9372285428069458)
(-0.5546875 0.9361221038746544)
(-0.55078125 0.9349966372927345)
(-0.546875 0.933851833224559)
(-0.54296875 0.9326873774437855)
(-0.5390625 0.931502951297749)
(-0.53515625 0.9302982316716905)
(-0.53125 0.92907289095389)
(-0.52734375 0.927826597001771)
(-0.5234375 0.926559013109049)
(-0.51953125 0.9252697979739992)
(-0.515625 0.9239586056689226)
(-0.51171875 0.9226250856108896)
(-0.5078125 0.9212688825338488)
(-0.50390625 0.9198896364621872)
(-0.5 0.9184869826858362)
(-0.49609375 0.9170605517370157)
(-0.4921875 0.9156099693687197)
(-0.48828125 0.9141348565350451)
(-0.484375 0.9126348293734708)
(-0.48046875 0.9111094991892016)
(-0.4765625 0.9095584724416902)
(-0.47265625 0.9079813507334613)
(-0.46875 0.9063777308013607)
(-0.46484375 0.9047472045103624)
(-0.4609375 0.9030893588500664)
(-0.45703125 0.90140377593403)
(-0.453125 0.8996900330020778)
(-0.44921875 0.8979477024257403)
(-0.4453125 0.8961763517169796)
(-0.44140625 0.8943755435403639)
(-0.4375 0.8925448357288592)
(-0.43359375 0.8906837813034135)
(-0.4296875 0.8887919284965125)
(-0.42578125 0.8868688207798959)
(-0.423828125 0.8858953831612771)
(-0.421875 0.8849139587959333)
(-0.419921875 0.8839244892889956)
(-0.41796875 0.8829269159549906)
(-0.416015625 0.8819211798192487)
(-0.4140625 0.8809072216193878)
(-0.412109375 0.8798849818068827)
(-0.41015625 0.8788544005487126)
(-0.408203125 0.8778154177290987)
(-0.40625 0.876767972951323)
(-0.404296875 0.8757120055396411)
(-0.40234375 0.8746474545412797)
(-0.400390625 0.8735742587285322)
(-0.3984375 0.8724923566009429)
(-0.396484375 0.8714016863875933)
(-0.39453125 0.8703021860494806)
(-0.392578125 0.8691937932820024)
(-0.390625 0.8680764455175387)
(-0.388671875 0.8669500799281431)
(-0.38671875 0.865814633428336)
(-0.384765625 0.8646700426780113)
(-0.3828125 0.8635162440854499)
(-0.380859375 0.862353173810451)
(-0.37890625 0.8611807677675738)
(-0.376953125 0.8599989616295032)
(-0.375 0.8588076908305295)
(-0.373046875 0.8576068905701567)
(-0.37109375 0.8563964958168306)
(-0.369140625 0.8551764413117997)
(-0.3671875 0.8539466615731008)
(-0.365234375 0.8527070908996829)
(-0.36328125 0.8514576633756599)
(-0.361328125 0.8501983128747084)
(-0.359375 0.8489289730645985)
(-0.357421875 0.8476495774118742)
(-0.35546875 0.8463600591866745)
(-0.353515625 0.8450603514677075)
(-0.3515625 0.8437503871473713)
(-0.349609375 0.8424300989370345)
(-0.34765625 0.8410994193724675)
(-0.345703125 0.8397582808194534)
(-0.34375 0.8384066154795052)
(-0.341796875 0.837044355395828)
(-0.33984375 0.8356714324593983)
(-0.337890625 0.8342877784152296)
(-0.3359375 0.8328933248688111)
(-0.333984375 0.8314880032927259)
(-0.33203125 0.8300717450334505)
(-0.330078125 0.8286444813183383)
(-0.328125 0.827206143262792)
(-0.326171875 0.8257566618776255)
(-0.32421875 0.8242959680766232)
(-0.322265625 0.8228239926842933)
(-0.3203125 0.8213406664438262)
(-0.318359375 0.8198459200252548)
(-0.31640625 0.8183396840338247)
(-0.314453125 0.8168218890185752)
(-0.3125 0.8152924654811361)
(-0.310546875 0.8137513438847429)
(-0.30859375 0.812198454663475)
(-0.306640625 0.8106337282317194)
(-0.3046875 0.8090570949938655)
(-0.302734375 0.8074684853542315)
(-0.30078125 0.8058678297272301)
(-0.298828125 0.8042550585477745)
(-0.296875 0.8026301022819284)
(-0.294921875 0.8009928914378075)
(-0.29296875 0.7993433565767306)
(-0.291015625 0.7976814283246297)
(-0.2890625 0.7960070373837196)
(-0.287109375 0.7943201145444321)
(-0.28515625 0.7926205906976199)
(-0.283203125 0.7909083968470313)
(-0.28125 0.7891834641220637)
(-0.279296875 0.7874457237907962)
(-0.27734375 0.7856951072733079)
(-0.275390625 0.7839315461552857)
(-0.2734375 0.7821549722019239)
(-0.271484375 0.7803653173721231)
(-0.26953125 0.7785625138329888)
(-0.267578125 0.7767464939746371)
(-0.265625 0.77491719042531)
(-0.263671875 0.7730745360668045)
(-0.26171875 0.7712184640502208)
(-0.259765625 0.7693489078120329)
(-0.2578125 0.7674658010904865)
(-0.255859375 0.7655690779423273)
(-0.25390625 0.7636586727598662)
(-0.251953125 0.7617345202883826)
(-0.25 0.7597965556438733)
(-0.248046875 0.7578447143311479)
(-0.24609375 0.7558789322622788)
(-0.244140625 0.7538991457754058)
(-0.2421875 0.7519052916539031)
(-0.240234375 0.7498973071459106)
(-0.23828125 0.7478751299842348)
(-0.236328125 0.7458386984066229)
(-0.234375 0.7437879511764143)
(-0.232421875 0.7417228276035742)
(-0.23046875 0.7396432675661123)
(-0.228515625 0.737549211531891)
(-0.2265625 0.7354406005808272)
(-0.224609375 0.7333173764274917)
(-0.22265625 0.7311794814441103)
(-0.220703125 0.7290268586839682)
(-0.21875 0.726859451905225)
(-0.216796875 0.7246772055951411)
(-0.21484375 0.7224800649947198)
(-0.212890625 0.7202679761237691)
(-0.2109375 0.7180408858063866)
(-0.208984375 0.715798741696869)
(-0.20703125 0.7135414923060521)
(-0.205078125 0.7112690870280828)
(-0.203125 0.7089814761676254)
(-0.201171875 0.7066786109675067)
(-0.19921875 0.7043604436368013)
(-0.197265625 0.70202692737936)
(-0.1953125 0.6996780164227845)
(-0.193359375 0.6973136660478487)
(-0.19140625 0.6949338326183713)
(-0.189453125 0.6925384736115379)
(-0.1875 0.6901275476486797)
(-0.185546875 0.6877010145265039)
(-0.18359375 0.6852588352487831)
(-0.181640625 0.6828009720584994)
(-0.1796875 0.6803273884704496)
(-0.177734375 0.6778380493043062)
(-0.17578125 0.67533292071814)
(-0.173828125 0.6728119702424007)
(-0.171875 0.6702751668143565)
(-0.169921875 0.6677224808129936)
(-0.16796875 0.6651538840943717)
(-0.166015625 0.6625693500274384)
(-0.1640625 0.6599688535302974)
(-0.162109375 0.657352371106931)
(-0.16015625 0.6547198808843743)
(-0.158203125 0.6520713626503384)
(-0.15625 0.6494067978912802)
(-0.154296875 0.6467261698309146)
(-0.15234375 0.6440294634691665)
(-0.150390625 0.6413166656215576)
(-0.1484375 0.6385877649590255)
(-0.146484375 0.6358427520481652)
(-0.14453125 0.6330816193918944)
(-0.142578125 0.6303043614705307)
(-0.140625 0.627510974783276)
(-0.138671875 0.6247014578901035)
(-0.13671875 0.621875811454035)
(-0.134765625 0.6190340382838044)
(-0.1328125 0.6161761433768962)
(-0.130859375 0.6133021339629494)
(-0.12890625 0.6104120195475191)
(-0.126953125 0.6075058119561818)
(-0.125 0.6045835253789745)
(-0.123046875 0.601645176415156)
(-0.12109375 0.5986907841182757)
(-0.119140625 0.5957203700415372)
(-0.1171875 0.5927339582834429)
(-0.115234375 0.5897315755337019)
(-0.11328125 0.5867132511193879)
(-0.111328125 0.5836790170513269)
(-0.109375 0.5806289080707002)
(-0.107421875 0.5775629616958412)
(-0.10546875 0.5744812182692062)
(-0.103515625 0.5713837210045004)
(-0.1015625 0.568270516033936)
(-0.099609375 0.5651416524555987)
(-0.09765625 0.5619971823809006)
(-0.095703125 0.5588371609820934)
(-0.09375 0.5556616465398154)
(-0.091796875 0.5524707004906472)
(-0.08984375 0.5492643874746443)
(-0.087890625 0.5460427753828208)
(-0.0859375 0.5428059354045501)
(-0.083984375 0.5395539420748539)
(-0.08203125 0.5362868733215417)
(-0.080078125 0.533004810512172)
(-0.078125 0.5297078385007934)
(-0.076171875 0.5263960456744328)
(-0.07421875 0.5230695239992893)
(-0.072265625 0.5197283690665955)
(-0.0703125 0.5163726801381031)
(-0.068359375 0.5130025601911514)
(-0.06640625 0.509618115963273)
(-0.064453125 0.5062194579962919)
(-0.0625 0.5028067006798653)
(-0.060546875 0.4993799622944223)
(-0.05859375 0.4959393650534454)
(-0.056640625 0.49248503514504716)
(-0.0546875 0.48901710277278476)
(-0.052734375 0.485535702195659)
(-0.05078125 0.4820409717672406)
(-0.048828125 0.478533053973865)
(-0.046875 0.47501209547183604)
(-0.044921875 0.4714782471235769)
(-0.04296875 0.4679316640326638)
(-0.041015625 0.46437250557767956)
(-0.0390625 0.4608009354448188)
(-0.037109375 0.4572171216591773)
(-0.03515625 0.45362123661465553)
(-0.033203125 0.45001345710240587)
(-0.03125 0.44639396433774914)
(-0.029296875 0.4427629439854874)
(-0.02734375 0.43912058618353655)
(-0.025390625 0.43546708556480124)
(-0.0234375 0.4318026412772135)
(-0.021484375 0.42812745700185495)
(-0.01953125 0.42444174096908055)
(-0.017578125 0.4207457059725492)
(-0.015625 0.4170395693811361)
(-0.013671875 0.4133235531485322)
(-0.01171875 0.409597883820536)
(-0.009765625 0.4058627925399316)
(-0.0078125 0.40211851504883345)
(-0.005859375 0.39836529168844953)
(-0.00390625 0.39460336739613494)
(0.0 0.3870544585814307)
(0.001953125 0.3832902594600671)
(0.0029296875 0.38142192126589924)
(0.00390625 0.37956269023665834)
(0.0048828125 0.3777125219797107)
(0.005859375 0.3758713723188134)
(0.0068359375 0.37403919729305934)
(0.0078125 0.37221595315582784)
(0.0087890625 0.3704015963737399)
(0.009765625 0.3685960836256188)
(0.0107421875 0.3667993718014557)
(0.01171875 0.36501141800138054)
(0.0126953125 0.3632321795346373)
(0.013671875 0.3614616139185651)
(0.0146484375 0.35969967887758353)
(0.015625 0.3579463323421834)
(0.0166015625 0.3562015324479224)
(0.017578125 0.3544652375344251)
(0.0185546875 0.3527374061443886)
(0.01953125 0.3510179970225924)
(0.0205078125 0.34930696911491366)
(0.021484375 0.3476042815673466)
(0.0224609375 0.34590989372502723)
(0.0234375 0.34422376513126274)
(0.0244140625 0.34254585552656536)
(0.025390625 0.340876124847691)
(0.0263671875 0.3392145332266828)
(0.02734375 0.33756104098991946)
(0.0283203125 0.33591560865716735)
(0.029296875 0.3342781969406384)
(0.0302734375 0.3326487667440517)
(0.03125 0.33102727916170027)
(0.0322265625 0.32941369547752186)
(0.033203125 0.3278079771641746)
(0.0341796875 0.32621008588211725)
(0.03515625 0.32461998347869353)
(0.0361328125 0.32303763198722135)
(0.037109375 0.32146299362608616)
(0.0380859375 0.3198960307978389)
(0.0390625 0.3183367060882983)
(0.0400390625 0.31678498226565743)
(0.041015625 0.31524082227959493)
(0.0419921875 0.3137041892603903)
(0.04296875 0.31217504651804323)
(0.0439453125 0.31065335754139817)
(0.044921875 0.3091390859972721)
(0.0458984375 0.30763219572958694)
(0.046875 0.3061326507585069)
(0.0478515625 0.3046404152795828)
(0.048828125 0.30315545366288493)
(0.0498046875 0.3016777304521649)
(0.05078125 0.300207210364005)
(0.0517578125 0.29874385828697547)
(0.052734375 0.29728763928079643)
(0.0537109375 0.2958385185755033)
(0.0546875 0.2943964615706169)
(0.0556640625 0.2929614338343171)
(0.056640625 0.2915334011026208)
(0.0576171875 0.29011232927856384)
(0.05859375 0.2886981844313866)
(0.0595703125 0.2872909327957243)
(0.060546875 0.28589054077080034)
(0.0615234375 0.2844969749196242)
(0.0625 0.28311020196819336)
(0.0634765625 0.28173018880469824)
(0.064453125 0.280356902478732)
(0.0654296875 0.27899031020050374)
(0.06640625 0.2776303793400554)
(0.0673828125 0.27627707742648294)
(0.068359375 0.2749303721471607)
(0.0693359375 0.27359023134697025)
(0.0703125 0.27225662302753234)
(0.0712890625 0.2709295153464429)
(0.072265625 0.2696088766165129)
(0.0732421875 0.2682946753050116)
(0.07421875 0.26698688003291393)
(0.0751953125 0.26568545957415074)
(0.076171875 0.2643903828548637)
(0.0771484375 0.26310161895266315)
(0.078125 0.26181913709588983)
(0.0791015625 0.26054290666288005)
(0.080078125 0.25927289718123464)
(0.0810546875 0.2580090783270913)
(0.08203125 0.2567514199244007)
(0.0830078125 0.2554998919442057)
(0.083984375 0.25425446450392464)
(0.0849609375 0.2530151078666376)
(0.0859375 0.2517817924403767)
(0.0869140625 0.250554488777419)
(0.087890625 0.24933316757358398)
(0.0888671875 0.24811779966753345)
(0.08984375 0.2469083560400754)
(0.0908203125 0.24570480781347112)
(0.091796875 0.24450712625074567)
(0.0927734375 0.2433152827550017)
(0.09375 0.24212924886873669)
(0.0947265625 0.24094899627316346)
(0.095703125 0.2397744967875341)
(0.0966796875 0.2386057223684668)
(0.09765625 0.23744264510927668)
(0.0986328125 0.2362852372393091)
(0.099609375 0.23513347112327687)
(0.1005859375 0.23398731926060018)
(0.1015625 0.2328467542847501)
(0.1025390625 0.2317117489625951)
(0.103515625 0.23058227619375088)
(0.10546875 0.22833980725376635)
(0.107421875 0.2261191468717933)
(0.109375 0.22392008295427984)
(0.111328125 0.22174240547033564)
(0.11328125 0.21958590643167203)
(0.115234375 0.2174503798727373)
(0.1171875 0.21533562183104496)
(0.119140625 0.21324143032769352)
(0.12109375 0.2111676053480757)
(0.123046875 0.209113948822775)
(0.125 0.20708026460864842)
(0.126953125 0.20506635847009297)
(0.12890625 0.2030720380604942)
(0.130859375 0.2010971129038556)
(0.1328125 0.1991413943766061)
(0.134765625 0.197204695689585)
(0.13671875 0.19528683187020182)
(0.138671875 0.1933876197447696)
(0.140625 0.1915068779210103)
(0.142578125 0.18964442677072998)
(0.14453125 0.18780008841266285)
(0.146484375 0.18597368669548184)
(0.1484375 0.1841650471809745)
(0.150390625 0.18237399712738264)
(0.15234375 0.1806003654729038)
(0.154296875 0.1788439828193534)
(0.15625 0.17710468141598545)
(0.158203125 0.17538229514347106)
(0.16015625 0.1736766594980323)
(0.162109375 0.17198761157573061)
(0.1640625 0.17031499005690814)
(0.166015625 0.16865863519077995)
(0.16796875 0.1670183887801766)
(0.169921875 0.16539409416643475)
(0.171875 0.16378559621443473)
(0.173828125 0.16219274129778385)
(0.17578125 0.16061537728414366)
(0.177734375 0.1590533535206997)
(0.1796875 0.15750652081977304)
(0.181640625 0.1559747314445713)
(0.18359375 0.15445783909507854)
(0.185546875 0.15295569889408211)
(0.1875 0.1514681673733357)
(0.189453125 0.14999510245985673)
(0.19140625 0.148536363462357)
(0.193359375 0.14709181105780547)
(0.1953125 0.14566130727812165)
(0.197265625 0.14424471549699827)
(0.19921875 0.1428419004168523)
(0.201171875 0.14145272805590264)
(0.203125 0.1400770657353739)
(0.205078125 0.138714782066824)
(0.20703125 0.13736574693959566)
(0.208984375 0.13602983150838946)
(0.2109375 0.134706908180958)
(0.212890625 0.13339685060591963)
(0.21484375 0.13209953366069077)
(0.216796875 0.13081483343953546)
(0.21875 0.12954262724173132)
(0.220703125 0.12828279355985045)
(0.22265625 0.12703521206815435)
(0.224609375 0.12579976361110173)
(0.2265625 0.12457633019196798)
(0.228515625 0.1233647949615755)
(0.23046875 0.12216504220713348)
(0.232421875 0.1209769573411862)
(0.234375 0.11980042689066898)
(0.236328125 0.1186353384860704)
(0.23828125 0.11748158085069994)
(0.240234375 0.1163390437900601)
(0.2421875 0.11520761818132176)
(0.244140625 0.11408719596290197)
(0.24609375 0.11297767012414303)
(0.248046875 0.11187893469509207)
(0.25 0.11079088473637984)
(0.251953125 0.10971341632921061)
(0.25390625 0.10864642656539916)
(0.255859375 0.10758981353757993)
(0.2578125 0.10654347632946182)
(0.259765625 0.10550731500618882)
(0.26171875 0.10448123060479629)
(0.263671875 0.10346512512475811)
(0.265625 0.10245890151862769)
(0.267578125 0.10146246368276807)
(0.26953125 0.10047571644817407)
(0.271484375 0.09949856557138191)
(0.2734375 0.09853091772546893)
(0.275390625 0.09757268049113915)
(0.27734375 0.09662376234789724)
(0.279296875 0.0956840726653066)
(0.28125 0.09475352169433421)
(0.283203125 0.09383202055877785)
(0.28515625 0.0929194812467785)
(0.287109375 0.09201581660241358)
(0.2890625 0.09112094031737349)
(0.291015625 0.09023476692271763)
(0.29296875 0.08935721178071217)
(0.294921875 0.08848819107674544)
(0.296875 0.08762762181132377)
(0.298828125 0.08677542179214341)
(0.30078125 0.08593150962624127)
(0.302734375 0.08509580471222027)
(0.3046875 0.08426822723255199)
(0.30859375 0.082637100611674)
(0.3125 0.08103754667412766)
(0.31640625 0.07946895428750916)
(0.3203125 0.07793072414871696)
(0.32421875 0.07642226855497951)
(0.328125 0.07494301117931498)
(0.33203125 0.07349238685033739)
(0.3359375 0.07206984133632473)
(0.33984375 0.0706748311334669)
(0.34375 0.0693068232582123)
(0.34765625 0.06796529504363381)
(0.3515625 0.06664973393973653)
(0.35546875 0.06535963731763063)
(0.359375 0.06409451227749492)
(0.36328125 0.06285387546025736)
(0.3671875 0.06163725286292088)
(0.37109375 0.06044417965746371)
(0.375 0.05927420001324529)
(0.37890625 0.05812686692284961)
(0.3828125 0.057001742031299645)
(0.38671875 0.05589839546857761)
(0.390625 0.054816405685386996)
(0.39453125 0.05375535929209359)
(0.3984375 0.052714850900784135)
(0.40234375 0.051694482970382045)
(0.40625 0.05069386565476118)
(0.41015625 0.04971261665379959)
(0.4140625 0.04875036106731627)
(0.41796875 0.04780673125183521)
(0.421875 0.046881366680121966)
(0.42578125 0.045973913803439063)
(0.4296875 0.045084025916467686)
(0.43359375 0.04421136302484394)
(0.4375 0.04335559171525919)
(0.44140625 0.042516385028074685)
(0.4453125 0.04169342233240204)
(0.44921875 0.04088638920360155)
(0.453125 0.04009497730315185)
(0.45703125 0.03931888426084472)
(0.4609375 0.03855781355926028)
(0.46484375 0.03781147442047825)
(0.46875 0.03707958169498208)
(0.47265625 0.03636185575271357)
(0.4765625 0.035658022376236165)
(0.48046875 0.034967812655997854)
(0.484375 0.03429096288749449)
(0.48828125 0.03362721447061373)
(0.4921875 0.032976313810804014)
(0.49609375 0.03233801222218025)
(0.5 0.03171206583251463)
(0.50390625 0.031098235490057052)
(0.5078125 0.030496286672168405)
(0.515625 0.029327008606113945)
(0.5234375 0.02820256259487487)
(0.53125 0.027121229703325887)
(0.5390625 0.026081356903157212)
(0.546875 0.025081354545898236)
(0.5546875 0.0241196939328297)
(0.5625 0.023194904978069412)
(0.5703125 0.02230557396125914)
(0.578125 0.02145034136641722)
(0.5859375 0.0206278998036531)
(0.59375 0.019836992010566806)
(0.6015625 0.01907640893027805)
(0.609375 0.018344987863146887)
(0.6171875 0.017641610689360446)
(0.625 0.016965202159668645)
(0.6328125 0.0163147282516559)
(0.640625 0.015689194589036125)
(0.6484375 0.01508764492155454)
(0.65625 0.014509159663172599)
(0.6640625 0.013952854486301286)
(0.671875 0.013417878969933864)
(0.6796875 0.012903415299611422)
(0.6875 0.012408677017233917)
(0.6953125 0.011932907818805513)
(0.703125 0.011475380398276355)
(0.7109375 0.011035395335713365)
(0.71875 0.010612280028100407)
(0.7265625 0.010205387661133344)
(0.734375 0.009814096220438162)
(0.7421875 0.00943780754070064)
(0.75 0.00907594639125396)
(0.7578125 0.008727959596726386)
(0.765625 0.008393315191404786)
(0.78125 0.007761794788959712)
(0.796875 0.007177790535927164)
(0.8125 0.006637727275516886)
(0.828125 0.006138298848873698)
(0.84375 0.005676447855436749)
(0.859375 0.005249346936147091)
(0.875 0.004854381464923155)
(0.890625 0.004489133542444804)
(0.90625 0.004151367194259115)
(0.921875 0.0038390146825936877)
(0.9375 0.0035501638480811204)
(0.953125 0.0032830464039032615)
(0.96875 0.003036027110694314)
(0.984375 0.002807593765933734)
(1.0 0.002596347946545996)
(1.015625 0.002400996448035277)
(1.03125 0.002220343367747162)
(1.0625 0.0018983362489714667)
(1.09375 0.001623028476813295)
(1.125 0.0013876474402111968)
(1.15625 0.0011864027315800418)
(1.1875 0.0010143437019459374)
(1.21875 0.0008672376742645872)
(1.25 0.0007414658189530833)
(1.28125 0.0006339341301581381)
(1.3125 0.0005419973127640628)
(1.34375 0.0004633937077498657)
(1.375 0.00039618965504983433)
(1.40625 0.0003387319252359129)
(1.4375 0.0002896070498343743)
(1.5 0.00021128538184220604)
(1.5625 0.000154145116997134)
(1.625 0.00011245793195302892)
(1.6875 8.204467780369121e-05)
(1.75 5.985641954233996e-05)
(1.8125 4.366877969781738e-05)
(1.875 3.1858944033944955e-05)
(1.9375 2.3242974087360925e-05)
(2.0 1.695711709217561e-05)
(2.125 8.877801802090227e-06)
(2.25 4.647922426917857e-06)
(2.375 2.4333932391382764e-06)
(2.5 1.2739891313438993e-06)
(2.75 2.9355665981695184e-07)
(3.0 6.764226645154653e-08)
(3.5 -7.540221754098029e-09)
(4.0 8.40523896318673e-10)
(4.5 -9.369491624684555e-11)
(5.0 1.0444363542201156e-11)
(5.5 -1.1642545389455113e-12)
(6.0 1.297818303667273e-13)
(6.5 -1.4467045682411664e-14)
(7.0 1.6126711194472793e-15)
(7.5 -1.7976774262894212e-16)
(8.0 2.003907727638328e-17)
(8.5 -2.2337968555650432e-18)
(9.0 2.490058947210204e-19)
(9.5 -2.7757195962151177e-20)
(10.0 3.0941506784013363e-21)
(10.5 -3.449118987008315e-22)
(11.0 3.8447425546823566e-23)
(11.5 -4.286420729670159e-24)
(12.0 4.772083484396564e-25)
(13.0 -2.0544147949023946e-25)
(14.0 8.732635959916306e-26)
(15.0 -3.82329014537951e-26)
(16.0 1.5615663917271372e-26)
(17.0 -7.478355507710762e-27)
(18.0 2.4259703508891368e-27)
(19.0 -1.821695254955523e-27)
(20.0 0.0))