-5.0000000000000000e+01 1.7000000702016169e+00 4.2999999999999998e+00 9.9999999999963152e-01
-4.9000000000000000e+01 1.7000000702024169e+00 4.3000000000005603e+00 9.9999999999937006e-01

-4.9000000000000000e+01 1.7000000702024169e+00 4.3000000000005603e+00 9.9999999999937006e-01
-4.8000000000000000e+01 1.7000000702038571e+00 4.3000000000009280e+00 9.9999999999886002e-01

-4.8000000000000000e+01 1.7000000702038571e+00 4.3000000000009280e+00 9.9999999999886002e-01
-4.7000000000000000e+01 1.7000000702064000e+00 4.3000000000021954e+00 9.9999999999799105e-01

-4.7000000000000000e+01 1.7000000702064000e+00 4.3000000000021954e+00 9.9999999999799105e-01
-4.6000000000000000e+01 1.7000000702109372e+00 4.3000000000038501e+00 9.9999999999641564e-01

-4.6000000000000000e+01 1.7000000702109372e+00 4.3000000000038501e+00 9.9999999999641564e-01
-4.5000000000000000e+01 1.7000000702189690e+00 4.3000000000073646e+00 9.9999999999364164e-01

-4.5000000000000000e+01 1.7000000702189690e+00 4.3000000000073646e+00 9.9999999999364164e-01
-4.4000000000000000e+01 1.7000000702333280e+00 4.3000000000130978e+00 9.9999999998869060e-01

-4.4000000000000000e+01 1.7000000702333280e+00 4.3000000000130978e+00 9.9999999998869060e-01
-4.3000000000000000e+01 1.7000000702585594e+00 4.3000000000235907e+00 9.9999999997990918e-01

-4.3000000000000000e+01 1.7000000702585594e+00 4.3000000000235907e+00 9.9999999997990918e-01
-4.2000000000000000e+01 1.7000000703044365e+00 4.3000000000426892e+00 9.9999999996428879e-01

-4.2000000000000000e+01 1.7000000703044365e+00 4.3000000000426892e+00 9.9999999996428879e-01
-4.1000000000000000e+01 1.7000000703821589e+00 4.3000000000734095e+00 9.9999999993654076e-01

-4.1000000000000000e+01 1.7000000703821589e+00 4.3000000000734095e+00 9.9999999993654076e-01
-4.0000000000000000e+01 1.7000000705343314e+00 4.3000000001414396e+00 9.9999999988721811e-01

-4.0000000000000000e+01 1.7000000705343314e+00 4.3000000001414396e+00 9.9999999988721811e-01
-3.9500000000000000e+01 1.7000000706459462e+00 4.3000000001809706e+00 9.9999999984471399e-01

-3.9500000000000000e+01 1.7000000706459462e+00 4.3000000001809706e+00 9.9999999984471399e-01
-3.9000000000000000e+01 1.7000000707937450e+00 4.3000000002482119e+00 9.9999999979750021e-01

-3.9000000000000000e+01 1.7000000707937450e+00 4.3000000002482119e+00 9.9999999979750021e-01
-3.8500000000000000e+01 1.7000000709916219e+00 4.3000000003247374e+00 9.9999999972604470e-01

-3.8500000000000000e+01 1.7000000709916219e+00 4.3000000003247374e+00 9.9999999972604470e-01
-3.8000000000000000e+01 1.7000000712545780e+00 4.3000000004385281e+00 9.9999999963850095e-01

-3.8000000000000000e+01 1.7000000712545780e+00 4.3000000004385281e+00 9.9999999963850095e-01
-3.7500000000000000e+01 1.7000000716057846e+00 4.3000000005795904e+00 9.9999999951486218e-01

-3.7500000000000000e+01 1.7000000716057846e+00 4.3000000005795904e+00 9.9999999951486218e-01
-3.7000000000000000e+01 1.7000000720732589e+00 4.3000000007771515e+00 9.9999999935634409e-01

-3.7000000000000000e+01 1.7000000720732589e+00 4.3000000007771515e+00 9.9999999935634409e-01
-3.6500000000000000e+01 1.7000000726969338e+00 4.3000000010319024e+00 9.9999999913938631e-01

-3.6500000000000000e+01 1.7000000726969338e+00 4.3000000010319024e+00 9.9999999913938631e-01
-3.6000000000000000e+01 1.7000000735276977e+00 4.3000000013791633e+00 9.9999999885532664e-01

-3.6000000000000000e+01 1.7000000735276977e+00 4.3000000013791633e+00 9.9999999885532664e-01
-3.5500000000000000e+01 1.7000000746354900e+00 4.3000000018351043e+00 9.9999999847208121e-01

-3.5500000000000000e+01 1.7000000746354900e+00 4.3000000018351043e+00 9.9999999847208121e-01
-3.5000000000000000e+01 1.7000000761116265e+00 4.3000000024490328e+00 9.9999999796543404e-01

-3.5000000000000000e+01 1.7000000761116265e+00 4.3000000024490328e+00 9.9999999796543404e-01
-3.4500000000000000e+01 1.7000000780795419e+00 4.3000000032617640e+00 9.9999999728635669e-01

-3.4500000000000000e+01 1.7000000780795419e+00 4.3000000032617640e+00 9.9999999728635669e-01
-3.4000000000000000e+01 1.7000000807022078e+00 4.3000000043500357e+00 9.9999999638462778e-01

-3.4000000000000000e+01 1.7000000807022078e+00 4.3000000043500357e+00 9.9999999638462778e-01
-3.3500000000000000e+01 1.7000000841982490e+00 4.3000000057961136e+00 9.9999999517964555e-01

-3.3500000000000000e+01 1.7000000841982490e+00 4.3000000057961136e+00 9.9999999517964555e-01
-3.3000000000000000e+01 1.7000000888578035e+00 4.3000000077275757e+00 9.9999999357631475e-01

-3.3000000000000000e+01 1.7000000888578035e+00 4.3000000077275757e+00 9.9999999357631475e-01
-3.2500000000000000e+01 1.7000000950687355e+00 4.3000000102984286e+00 9.9999999143674156e-01

-3.2500000000000000e+01 1.7000000950687355e+00 4.3000000102984286e+00 9.9999999143674156e-01
-3.2000000000000000e+01 1.7000001033469945e+00 4.3000000137282823e+00 9.9999998858719119e-01

-3.2000000000000000e+01 1.7000001033469945e+00 4.3000000137282823e+00 9.9999998858719119e-01
-3.1500000000000000e+01 1.7000001143812142e+00 4.3000000182970579e+00 9.9999998478700669e-01

-3.1500000000000000e+01 1.7000001143812142e+00 4.3000000182970579e+00 9.9999998478700669e-01
-3.1000000000000000e+01 1.7000001290884290e+00 4.3000000243892647e+00 9.9999997972362586e-01

-3.1000000000000000e+01 1.7000001290884290e+00 4.3000000243892647e+00 9.9999997972362586e-01
-3.0500000000000000e+01 1.7000001486917020e+00 4.3000000325072580e+00 9.9999997297302556e-01

-3.0500000000000000e+01 1.7000001486917020e+00 4.3000000325072580e+00 9.9999997297302556e-01
-3.0000000000000000e+01 1.7000001748205580e+00 4.3000000433296446e+00 9.9999996397672331e-01

-3.0000000000000000e+01 1.7000001748205580e+00 4.3000000433296446e+00 9.9999996397672331e-01
-2.9500000000000000e+01 1.7000002096475912e+00 4.3000000577529285e+00 9.9999995198427793e-01

-2.9500000000000000e+01 1.7000002096475912e+00 4.3000000577529285e+00 9.9999995198427793e-01
-2.9000000000000000e+01 1.7000002560680734e+00 4.3000000769791340e+00 9.9999993600089332e-01

-2.9000000000000000e+01 1.7000002560680734e+00 4.3000000769791340e+00 9.9999993600089332e-01
-2.8500000000000000e+01 1.7000003179415826e+00 4.3000001026041730e+00 9.9999991469568450e-01

-2.8500000000000000e+01 1.7000003179415826e+00 4.3000001026041730e+00 9.9999991469568450e-01
-2.8000000000000000e+01 1.7000004004120568e+00 4.3000001367607164e+00 9.9999988629918102e-01

-2.8000000000000000e+01 1.7000004004120568e+00 4.3000001367607164e+00 9.9999988629918102e-01
-2.7500000000000000e+01 1.7000005103362006e+00 4.3000001822865466e+00 9.9999984844885115e-01

-2.7500000000000000e+01 1.7000005103362006e+00 4.3000001822865466e+00 9.9999984844885115e-01
-2.7000000000000000e+01 1.7000006568528663e+00 4.3000002429683226e+00 9.9999979799933114e-01

-2.7000000000000000e+01 1.7000006568528663e+00 4.3000002429683226e+00 9.9999979799933114e-01
-2.6500000000000000e+01 1.7000008521434475e+00 4.3000003238495443e+00 9.9999973075491588e-01

-2.6500000000000000e+01 1.7000008521434475e+00 4.3000003238495443e+00 9.9999973075491588e-01
-2.6000000000000000e+01 1.7000011124440604e+00 4.3000004316557767e+00 9.9999964112615281e-01

-2.6000000000000000e+01 1.7000011124440604e+00 4.3000004316557767e+00 9.9999964112615281e-01
-2.5500000000000000e+01 1.7000014593958543e+00 4.3000005753486468e+00 9.9999952166023909e-01

-2.5500000000000000e+01 1.7000014593958543e+00 4.3000005753486468e+00 9.9999952166023909e-01
-2.5000000000000000e+01 1.7000019218437195e+00 4.3000007668752005e+00 9.9999936242582099e-01

-2.5000000000000000e+01 1.7000019218437195e+00 4.3000007668752005e+00 9.9999936242582099e-01
-2.4500000000000000e+01 1.7000025382346908e+00 4.3000010221573151e+00 9.9999915018331043e-01

-2.4500000000000000e+01 1.7000025382346908e+00 4.3000010221573151e+00 9.9999915018331043e-01
-2.4000000000000000e+01 1.7000033598137927e+00 4.3000013624182802e+00 9.9999886728775611e-01

-2.4000000000000000e+01 1.7000033598137927e+00 4.3000013624182802e+00 9.9999886728775611e-01
-2.3500000000000000e+01 1.7000044548843831e+00 4.3000018159442472e+00 9.9999849021858955e-01

-2.3500000000000000e+01 1.7000044548843831e+00 4.3000018159442472e+00 9.9999849021858955e-01
-2.3000000000000000e+01 1.7000059144857393e+00 4.3000024204371723e+00 9.9999798762707082e-01

-2.3000000000000000e+01 1.7000059144857393e+00 4.3000024204371723e+00 9.9999798762707082e-01
-2.2500000000000000e+01 1.7000078599608039e+00 4.3000032261461874e+00 9.9999731772730183e-01

-2.2500000000000000e+01 1.7000078599608039e+00 4.3000032261461874e+00 9.9999731772730183e-01
-2.2000000000000000e+01 1.7000104530417113e+00 4.3000043000438959e+00 9.9999642482454665e-01

-2.2000000000000000e+01 1.7000104530417113e+00 4.3000043000438959e+00 9.9999642482454665e-01
-2.1500000000000000e+01 1.7000139092916577e+00 4.3000057313887972e+00 9.9999523468259821e-01

-2.1500000000000000e+01 1.7000139092916577e+00 4.3000057313887972e+00 9.9999523468259821e-01
-2.1000000000000000e+01 1.7000185160182204e+00 4.3000076391383999e+00 9.9999364835371662e-01

-2.1000000000000000e+01 1.7000185160182204e+00 4.3000076391383999e+00 9.9999364835371662e-01
-2.0500000000000000e+01 1.7000246561453747e+00 4.3000101818240557e+00 9.9999153395029550e-01

-2.0500000000000000e+01 1.7000246561453747e+00 4.3000101818240557e+00 9.9999153395029550e-01
-2.0000000000000000e+01 1.7000328400232145e+00 4.3000135707047269e+00 9.9998871568121439e-01

-2.0000000000000000e+01 1.7000328400232145e+00 4.3000135707047269e+00 9.9998871568121439e-01
-1.9500000000000000e+01 1.7000437478117338e+00 4.3000180872840472e+00 9.9998495923490782e-01

-1.9500000000000000e+01 1.7000437478117338e+00 4.3000180872840472e+00 9.9998495923490782e-01
-1.9000000000000000e+01 1.7000582859460700e+00 4.3000241066303859e+00 9.9997995229958714e-01

-1.9000000000000000e+01 1.7000582859460700e+00 4.3000241066303859e+00 9.9997995229958714e-01
-1.8500000000000000e+01 1.7000776623501286e+00 4.3000321284119067e+00 9.9997327859568141e-01

-1.8500000000000000e+01 1.7000776623501286e+00 4.3000321284119067e+00 9.9997327859568141e-01
-1.8000000000000000e+01 1.7001034866015572e+00 4.3000428181743171e+00 9.9996438326596992e-01

-1.8000000000000000e+01 1.7001034866015572e+00 4.3000428181743171e+00 9.9996438326596992e-01
-1.7500000000000000e+01 1.7001379032877593e+00 4.3000570622067968e+00 9.9995252674115176e-01

-1.7500000000000000e+01 1.7001379032877593e+00 4.3000570622067968e+00 9.9995252674115176e-01
-1.7000000000000000e+01 1.7001837694830517e+00 4.3000760403959424e+00 9.9993672324812610e-01

-1.7000000000000000e+01 1.7001837694830517e+00 4.3000760403959424e+00 9.9993672324812610e-01
-1.6500000000000000e+01 1.7002448908249894e+00 4.3001013228484339e+00 9.9991565884338973e-01

-1.6500000000000000e+01 1.7002448908249894e+00 4.3001013228484339e+00 9.9991565884338973e-01
-1.6000000000000000e+01 1.7003263353252633e+00 4.3001349978147712e+00 9.9988758215695739e-01

-1.6000000000000000e+01 1.7003263353252633e+00 4.3001349978147712e+00 9.9988758215695739e-01
-1.5500000000000000e+01 1.7004348501362161e+00 4.3001798406767930e+00 9.9985015875504091e-01

-1.5500000000000000e+01 1.7004348501362161e+00 4.3001798406767930e+00 9.9985015875504091e-01
-1.5000000000000000e+01 1.7005794143876345e+00 4.3002395364934110e+00 9.9980027700620877e-01

-1.5000000000000000e+01 1.7005794143876345e+00 4.3002395364934110e+00 9.9980027700620877e-01
-1.4500000000000000e+01 1.7007719713520635e+00 4.3003189718815822e+00 9.9973378929150125e-01

-1.4500000000000000e+01 1.7007719713520635e+00 4.3003189718815822e+00 9.9973378929150125e-01
-1.4000000000000000e+01 1.7010283960576877e+00 4.3004246156940606e+00 9.9964516701484984e-01

-1.4000000000000000e+01 1.7010283960576877e+00 4.3004246156940606e+00 9.9964516701484984e-01
-1.3500000000000000e+01 1.7013697704740030e+00 4.3005650117451344e+00 9.9952704067660647e-01

-1.3500000000000000e+01 1.7013697704740030e+00 4.3005650117451344e+00 9.9952704067660647e-01
-1.3000000000000000e+01 1.7018240577861306e+00 4.3007514098951170e+00 9.9936958668047227e-01

-1.3000000000000000e+01 1.7018240577861306e+00 4.3007514098951170e+00 9.9936958668047227e-01
-1.2500000000000000e+01 1.7024282898410612e+00 4.3009985625972353e+00 9.9915970972794843e-01

-1.2500000000000000e+01 1.7024282898410612e+00 4.3009985625972353e+00 9.9915970972794843e-01
-1.2000000000000000e+01 1.7032314064914080e+00 4.3013257095389079e+00 9.9887995254023143e-01

-1.2000000000000000e+01 1.7032314064914080e+00 4.3013257095389079e+00 9.9887995254023143e-01
-1.1500000000000000e+01 1.7042979096024684e+00 4.3017577581692441e+00 9.9850704176390792e-01

-1.1500000000000000e+01 1.7042979096024684e+00 4.3017577581692441e+00 9.9850704176390792e-01
-1.1000000000000000e+01 1.7057125127211836e+00 4.3023266341058779e+00 9.9800994831120693e-01

-1.1000000000000000e+01 1.7057125127211836e+00 4.3023266341058779e+00 9.9800994831120693e-01
-1.0500000000000000e+01 1.7075859709980039e+00 4.3030727093930388e+00 9.9734729940623967e-01

-1.0500000000000000e+01 1.7075859709980039e+00 4.3030727093930388e+00 9.9734729940623967e-01
-1.0000000000000000e+01 1.7100622516070805e+00 4.3040460989461335e+00 9.9646392470621592e-01

-1.0000000000000000e+01 1.7100622516070805e+00 4.3040460989461335e+00 9.9646392470621592e-01
-9.5000000000000000e+00 1.7133271352665393e+00 4.3053074208333868e+00 9.9528624524860676e-01

-9.5000000000000000e+00 1.7133271352665393e+00 4.3053074208333868e+00 9.9528624524860676e-01
-9.0000000000000000e+00 1.7176182063939844e+00 4.3069273152286973e+00 9.9371611523739678e-01

-9.0000000000000000e+00 1.7176182063939844e+00 4.3069273152286973e+00 9.9371611523739678e-01
-8.5000000000000000e+00 1.7232359822953698e+00 4.3089835848207843e+00 9.9162259429482846e-01

-8.5000000000000000e+00 1.7232359822953698e+00 4.3089835848207843e+00 9.9162259429482846e-01
-8.0000000000000000e+00 1.7305556615450932e+00 4.3115542480499247e+00 9.8883095060424653e-01

-8.0000000000000000e+00 1.7305556615450932e+00 4.3115542480499247e+00 9.8883095060424653e-01
-7.5000000000000000e+00 1.7400386878642133e+00 4.3147041109348230e+00 9.8510795905423598e-01

-7.5000000000000000e+00 1.7400386878642133e+00 4.3147041109348230e+00 9.8510795905423598e-01
-7.0000000000000000e+00 1.7522431254496573e+00 4.3184617305205126e+00 9.8014224548356732e-01

-7.0000000000000000e+00 1.7522431254496573e+00 4.3184617305205126e+00 9.8014224548356732e-01
-6.5000000000000000e+00 1.7678318540623301e+00 4.3227829580171813e+00 9.7351801820988648e-01

-6.5000000000000000e+00 1.7678318540623301e+00 4.3227829580171813e+00 9.7351801820988648e-01
-6.0000000000000000e+00 1.7875778961723394e+00 4.3274966570757387e+00 9.6468000091446648e-01

-6.0000000000000000e+00 1.7875778961723394e+00 4.3274966570757387e+00 9.6468000091446648e-01
-5.5000000000000000e+00 1.8123672864516001e+00 4.3322281691395554e+00 9.5288672251413442e-01

-5.5000000000000000e+00 1.8123672864516001e+00 4.3322281691395554e+00 9.5288672251413442e-01
-5.0000000000000000e+00 1.8431945264753591e+00 4.3362894264170260e+00 9.3714853856278468e-01

-5.0000000000000000e+00 1.8431945264753591e+00 4.3362894264170260e+00 9.3714853856278468e-01
-4.5000000000000000e+00 1.8812061191920753e+00 4.3385833379284362e+00 9.1614588717298240e-01

-4.5000000000000000e+00 1.8812061191920753e+00 4.3385833379284362e+00 9.1614588717298240e-01
-4.0000000000000000e+00 1.9273926887158663e+00 4.3371160632987031e+00 8.8812269461959903e-01

-4.0000000000000000e+00 1.9273926887158663e+00 4.3371160632987031e+00 8.8812269461959903e-01
-3.5000000000000000e+00 1.9843015435136351e+00 4.3304672051019386e+00 8.5074859979118644e-01

1.0000000000000000e+00 4.0752840228631255e-08 8.9996811738630267e-01 -1.8690667541452452e-05
1.5000000000000000e+00 6.4038447297266998e-09 9.0001058998007799e-01 6.2206838129217063e-06

1.5000000000000000e+00 6.4038447297266998e-09 9.0001058998007799e-01 6.2206838129217063e-06
2.0000000000000000e+00 1.0663560252698097e-07 8.9996846881753367e-01 -1.8523055465680455e-05

2.0000000000000000e+00 1.0663560252698097e-07 8.9996846881753367e-01 -1.8523055465680455e-05
2.5000000000000000e+00 -2.8715121717789135e-08 9.0001027157369740e-01 6.0541994884123613e-06

2.5000000000000000e+00 -2.8715121717789135e-08 9.0001027157369740e-01 6.0541994884123613e-06
3.0000000000000000e+00 1.2510411958303225e-07 8.9996876848713292e-01 -1.8357691304538303e-05

7.0000000000000000e+00 -8.6018612358975693e-09 9.0000201551530012e-01 1.1882743573941127e-06
7.5000000000000000e+00 9.8320606739055911e-08 8.9997696234813851e-01 -1.3524505778857318e-05

7.5000000000000000e+00 9.8320606739055911e-08 8.9997696234813851e-01 -1.3524505778857318e-05
8.0000000000000000e+00 -7.8854974110185476e-09 9.0000184766299296e-01 1.0892817502113101e-06

8.0000000000000000e+00 -7.8854974110185476e-09 9.0000184766299296e-01 1.0892817502113101e-06
8.5000000000000000e+00 9.7609042420526081e-08 8.9997712907586136e-01 -1.3426179227728248e-05

8.5000000000000000e+00 9.7609042420526081e-08 8.9997712907586136e-01 -1.3426179227728248e-05
9.0000000000000000e+00 -7.1787004803626071e-09 9.0000168205231990e-01 9.9161677368345895e-07

9.0000000000000000e+00 -7.1787004803626071e-09 9.0000168205231990e-01 9.9161677368345895e-07
9.5000000000000000e+00 9.6906980900504459e-08 8.9997729357696887e-01 -1.3329171374501869e-05

9.5000000000000000e+00 9.6906980900504459e-08 8.9997729357696887e-01 -1.3329171374501869e-05
1.0000000000000000e+01 -6.4813426807242841e-09 9.0000151865334410e-01 8.9526162240865501e-07

1.0000000000000000e+01 -6.4813426807242841e-09 9.0000151865334410e-01 8.9526162240865501e-07
1.0500000000000000e+01 9.6214295271424576e-08 8.9997745588119693e-01 -1.3233464533577103e-05

1.0500000000000000e+01 9.6214295271424576e-08 8.9997745588119693e-01 -1.3233464533577103e-05
1.1000000000000000e+01 -5.7932979546275767e-09 9.0000135743652898e-01 8.0019872978058345e-07

1.1000000000000000e+01 -5.7932979546275767e-09 9.0000135743652898e-01 8.0019872978058345e-07
1.1500000000000000e+01 9.5530860320262329e-08 8.9997761601788462e-01 -1.3139041256541764e-05

1.1500000000000000e+01 9.5530860320262329e-08 8.9997761601788462e-01 -1.3139041256541764e-05
1.2000000000000000e+01 -5.1144419279084532e-09 9.0000119837273207e-01 7.0641076478592799e-07

1.2000000000000000e+01 -5.1144419279084532e-09 9.0000119837273207e-01 7.0641076478592799e-07
1.2500000000000000e+01 9.4856552506093758e-08 8.9997777401597889e-01 -1.3045884328991508e-05

1.2500000000000000e+01 9.4856552506093758e-08 8.9997777401597889e-01 -1.3045884328991508e-05
1.3000000000000000e+01 -4.4446518873461452e-09 9.0000104143320037e-01 6.1388062884472530e-07

1.3000000000000000e+01 -4.4446518873461452e-09 9.0000104143320037e-01 6.1388062884472530e-07
1.3500000000000000e+01 9.4191249937843789e-08 8.9997792990404024e-01 -1.2953976767391456e-05

1.3500000000000000e+01 9.4191249937843789e-08 8.9997792990404024e-01 -1.2953976767391456e-05
1.4000000000000000e+01 -3.7838067585239769e-09 9.0000088658956456e-01 5.2259145269312716e-07

1.4000000000000000e+01 -3.7838067585239769e-09 9.0000088658956456e-01 5.2259145269312716e-07
1.4500000000000000e+01 9.3534832352255760e-08 8.9997808371024779e-01 -1.2863301815979922e-05

1.4500000000000000e+01 9.3534832352255760e-08 8.9997808371024779e-01 -1.2863301815979922e-05
1.5000000000000000e+01 -3.1317870839358803e-09 9.0000073381383461e-01 4.3252659330793475e-07

1.5000000000000000e+01 -3.1317870839358803e-09 9.0000073381383461e-01 4.3252659330793475e-07
1.5500000000000000e+01 9.2887181092159552e-08 8.9997823546240419e-01 -1.2773842943713652e-05

1.5500000000000000e+01 9.2887181092159552e-08 8.9997823546240419e-01 -1.2773842943713652e-05
1.6000000000000000e+01 -2.4884750014142333e-09 9.0000058307839392e-01 3.4366963087238209e-07

1.6000000000000000e+01 -2.4884750014142333e-09 9.0000058307839392e-01 3.4366963087238209e-07
1.6500000000000000e+01 9.2248179085037258e-08 8.9997838518794104e-01 -1.2685583841254009e-05

1.6500000000000000e+01 9.2248179085037258e-08 8.9997838518794104e-01 -1.2685583841254009e-05
1.7000000000000000e+01 -1.8537542228131874e-09 9.0000043435599486e-01 2.5600436578264338e-07

1.7000000000000000e+01 -1.8537542228131874e-09 9.0000043435599486e-01 2.5600436578264338e-07
1.7500000000000000e+01 9.1617710821845298e-08 8.9997853291392316e-01 -1.2598508417993634e-05

1.7500000000000000e+01 9.1617710821845298e-08 8.9997853291392316e-01 -1.2598508417993634e-05
1.8000000000000000e+01 -1.2275100129949891e-09 9.0000028761975359e-01 1.6951481569444789e-07

1.8000000000000000e+01 -1.2275100129949891e-09 9.0000028761975359e-01 1.6951481569444789e-07
1.8500000000000000e+01 9.0995662336132645e-08 8.9997867866705450e-01 -1.2512600799122929e-05

1.8500000000000000e+01 9.0995662336132645e-08 8.9997867866705450e-01 -1.2512600799122929e-05
1.9000000000000000e+01 -6.0962916908220477e-10 9.0000014284314556e-01 8.4185212609345587e-08

1.9000000000000000e+01 -6.0962916908220477e-10 9.0000014284314556e-01 8.4185212609345587e-08
1.9500000000000000e+01 9.0381921183460957e-08 8.9997882247368199e-01 -1.2427845322735909e-05

1.9500000000000000e+01 9.0381921183460957e-08 8.9997882247368199e-01 -1.2427845322735909e-05
2.0000000000000000e+01 0.0000000000000000e+00 9.0000000000000002e-01 0.0000000000000000e+00

7.5000000000000000e-01 3.2709993904346518e-07 9.0001134588140352e-01 6.4746652371636587e-06
1.0000000000000000e+00 4.0752840228631255e-08 8.9996811738630267e-01 -1.8690667541452452e-05

3.0000000000000000e+00 1.2510411958303225e-07 8.9996876848713292e-01 -1.8357691304538303e-05
3.2500000000000000e+00 -3.9930126299979803e-08 9.0000984296792386e-01 5.8086482627221537e-06

5.0000000000000000e+00 -1.4693165978224731e-08 9.0000344277826239e-01 2.0302381025203357e-06
5.2500000000000000e+00 1.0397357654629149e-07 8.9997563779214751e-01 -1.4305847125499747e-05

5.2500000000000000e+00 1.0397357654629149e-07 8.9997563779214751e-01 -1.4305847125499747e-05
5.5000000000000000e+00 -1.3108377646782766e-08 9.0000307144407432e-01 1.8111456509635799e-06

5.5000000000000000e+00 -1.3108377646782766e-08 9.0000307144407432e-01 1.8111456509635799e-06
5.7500000000000000e+00 1.0240995292991700e-07 8.9997600416718615e-01 -1.4089693046365703e-05

5.7500000000000000e+00 1.0240995292991700e-07 8.9997600416718615e-01 -1.4089693046365703e-05
6.0000000000000000e+00 -1.1565636187420215e-08 9.0000270996195586e-01 1.5978905360826238e-06

6.0000000000000000e+00 -1.1565636187420215e-08 9.0000270996195586e-01 1.5978905360826238e-06
6.2500000000000000e+00 1.0088781466129543e-07 8.9997636082172916e-01 -1.3879298016093395e-05

6.2500000000000000e+00 1.0088781466129543e-07 8.9997636082172916e-01 -1.3879298016093395e-05
6.5000000000000000e+00 -1.0063826040571962e-08 9.0000235807051621e-01 1.3903172322113592e-06

6.5000000000000000e+00 -1.0063826040571962e-08 9.0000235807051621e-01 1.3903172322113592e-06
6.7500000000000000e+00 9.9406061072289649e-08 8.9997670801367624e-01 -1.3674508594859138e-05

6.7500000000000000e+00 9.9406061072289649e-08 8.9997670801367624e-01 -1.3674508594859138e-05
7.0000000000000000e+00 -8.6018612358975693e-09 9.0000201551530012e-01 1.1882743573941127e-06

-3.5000000000000000e+00 1.9843015435136351e+00 4.3304672051019386e+00 8.5074859979118644e-01
-3.2500000000000000e+00 2.0165164002894942e+00 4.3206616209741089e+00 8.2603286021689060e-01

-3.2500000000000000e+00 2.0165164002894942e+00 4.3206616209741089e+00 8.2603286021689060e-01
-3.0000000000000000e+00 2.0516198944667567e+00 4.3125405907854715e+00 8.0061592608896237e-01

-3.0000000000000000e+00 2.0516198944667567e+00 4.3125405907854715e+00 8.0061592608896237e-01
-2.7500000000000000e+00 2.0899811427244925e+00 4.2960910292351366e+00 7.6837799119550687e-01

-2.7500000000000000e+00 2.0899811427244925e+00 4.2960910292351366e+00 7.6837799119550687e-01
-2.5000000000000000e+00 2.1316363286194142e+00 4.2792308112073343e+00 7.3396649047982565e-01

-2.5000000000000000e+00 2.1316363286194142e+00 4.2792308112073343e+00 7.3396649047982565e-01
-2.2500000000000000e+00 2.1771688739141983e+00 4.2529595158425613e+00 6.9173503163906769e-01

-1.2500000000000000e+00 2.3980014053668253e+00 4.0731559098190324e+00 4.5609992824022932e-01
-1.1250000000000000e+00 2.4304146627311938e+00 4.0387389466212005e+00 4.1679212010626920e-01

-1.1250000000000000e+00 2.4304146627311938e+00 4.0387389466212005e+00 4.1679212010626920e-01
-1.0000000000000000e+00 2.4638449149077886e+00 3.9999329891585802e+00 3.7430422443275368e-01

-1.0000000000000000e+00 2.4638449149077886e+00 3.9999329891585802e+00 3.7430422443275368e-01
-8.7500000000000000e-01 2.4976655391803817e+00 3.9574078415904368e+00 3.2939412009560959e-01

3.7500000000000000e-01 5.7023772047251836e-04 9.0054275131612860e-01 -1.9929579091269314e-05
5.0000000000000000e-01 4.9505549488681547e-05 9.0006228286688394e-01 7.1776792119169928e-06

5.0000000000000000e-01 4.9505549488681547e-05 9.0006228286688394e-01 7.1776792119169928e-06
6.2500000000000000e-01 4.4441672369387258e-06 8.9997169357316142e-01 -1.9207320941035613e-05

6.2500000000000000e-01 4.4441672369387258e-06 8.9997169357316142e-01 -1.9207320941035613e-05
7.5000000000000000e-01 3.2709993904346518e-07 9.0001134588140352e-01 6.4746652371636587e-06

3.2500000000000000e+00 -3.9930126299979803e-08 9.0000984296792386e-01 5.8086482627221537e-06
3.3750000000000000e+00 1.2994758742685313e-07 8.9996959407147104e-01 -1.7874767076683424e-05

3.3750000000000000e+00 1.2994758742685313e-07 8.9996959407147104e-01 -1.7874767076683424e-05
3.5000000000000000e+00 -3.7426051201210453e-08 9.0000877302868987e-01 5.1776165455732299e-06

3.5000000000000000e+00 -3.7426051201210453e-08 9.0000877302868987e-01 5.1776165455732299e-06
3.6250000000000000e+00 1.2533270980589301e-07 8.9997063342007433e-01 -1.7260548856335564e-05

3.6250000000000000e+00 1.2533270980589301e-07 8.9997063342007433e-01 -1.7260548856335564e-05
3.7500000000000000e+00 -3.3122730630924632e-08 9.0000776106555824e-01 4.5797638355512770e-06

3.7500000000000000e+00 -3.3122730630924632e-08 9.0000776106555824e-01 4.5797638355512770e-06
3.8750000000000000e+00 1.2112714198306893e-07 8.9997161851644925e-01 -1.6678625606520268e-05

3.8750000000000000e+00 1.2112714198306893e-07 8.9997161851644925e-01 -1.6678625606520268e-05
4.0000000000000000e+00 -2.9030174881732104e-08 9.0000680210503381e-01 4.0133456141415899e-06

4.0000000000000000e+00 -2.9030174881732104e-08 9.0000680210503381e-01 4.0133456141415899e-06
4.1250000000000000e+00 1.1714304882477300e-07 8.9997255203300985e-01 -1.6127299290469574e-05

4.1250000000000000e+00 1.1714304882477300e-07 8.9997255203300985e-01 -1.6127299290469574e-05
4.2500000000000000e+00 -2.5151801490274613e-08 9.0000589335720271e-01 3.4767090878421076e-06

4.2500000000000000e+00 -2.5151801490274613e-08 9.0000589335720271e-01 3.4767090878421076e-06
4.3750000000000000e+00 1.1336757818584815e-07 8.9997343666928120e-01 -1.5604961152465118e-05

4.3750000000000000e+00 1.1336757818584815e-07 8.9997343666928120e-01 -1.5604961152465118e-05
4.5000000000000000e+00 -2.1476504596412573e-08 9.0000503219274430e-01 2.9682883653553554e-06

4.5000000000000000e+00 -2.1476504596412573e-08 9.0000503219274430e-01 2.9682883653553554e-06
4.6250000000000000e+00 1.0978979681298797e-07 8.9997427498469751e-01 -1.5110087023531143e-05

4.6250000000000000e+00 1.0978979681298797e-07 8.9997427498469751e-01 -1.5110087023531143e-05
4.7500000000000000e+00 -1.7993651639326304e-08 9.0000421612012249e-01 2.4865998883587469e-06

4.7500000000000000e+00 -1.7993651639326304e-08 9.0000421612012249e-01 2.4865998883587469e-06
4.8750000000000000e+00 1.0639935333392079e-07 8.9997506940468674e-01 -1.4641232873949463e-05

4.8750000000000000e+00 1.0639935333392079e-07 8.9997506940468674e-01 -1.4641232873949463e-05
5.0000000000000000e+00 -1.4693165978224731e-08 9.0000344277826239e-01 2.0302381025203357e-06

-2.0000000000000000e+00 2.2262289979046006e+00 4.2215982984286766e+00 6.4443613547108547e-01
-1.8750000000000000e+00 2.2522340805383712e+00 4.2035096180934017e+00 6.1850269309023576e-01

-1.8750000000000000e+00 2.2522340805383712e+00 4.2035096180934017e+00 6.1850269309023576e-01
-1.7500000000000000e+00 2.2792655189881730e+00 4.1821804886721345e+00 5.9005938643802924e-01

-1.7500000000000000e+00 2.2792655189881730e+00 4.1821804886721345e+00 5.9005938643802924e-01
-1.6250000000000000e+00 2.3073309519378729e+00 4.1594783931392243e+00 5.6020026005738621e-01

-1.6250000000000000e+00 2.3073309519378729e+00 4.1594783931392243e+00 5.6020026005738621e-01
-1.5000000000000000e+00 2.3364674106510148e+00 4.1332468968421114e+00 5.2763525222099072e-01

-1.5000000000000000e+00 2.3364674106510148e+00 4.1332468968421114e+00 5.2763525222099072e-01
-1.3750000000000000e+00 2.3666811380447421e+00 4.1051395396522858e+00 4.9333291317791139e-01

-1.3750000000000000e+00 2.3666811380447421e+00 4.1051395396522858e+00 4.9333291317791139e-01
-1.2500000000000000e+00 2.3980014053668253e+00 4.0731559098190324e+00 4.5609992824022932e-01

-2.2500000000000000e+00 2.1771688739141983e+00 4.2529595158425613e+00 6.9173503163906769e-01
-2.1250000000000000e+00 2.2012096767591891e+00 4.2387821127474599e+00 6.6925774931643267e-01

-2.1250000000000000e+00 2.2012096767591891e+00 4.2387821127474599e+00 6.6925774931643267e-01
-2.0000000000000000e+00 2.2262289979046006e+00 4.2215982984286766e+00 6.4443613547108547e-01

-8.7500000000000000e-01 2.4976655391803817e+00 3.9574078415904368e+00 3.2939412009560959e-01
-8.1250000000000000e-01 2.5141580226197018e+00 3.9326682918128171e+00 3.0513431446340938e-01

-8.1250000000000000e-01 2.5141580226197018e+00 3.9326682918128171e+00 3.0513431446340938e-01
-7.5000000000000000e-01 2.5293958833059240e+00 3.9072570701792531e+00 2.8120905447974909e-01

2.5000000000000000e-01 3.4140768964995576e-03 9.0341651580600613e-01 -2.1496870805751125e-05
3.1250000000000000e-01 1.3954183270852732e-03 9.0142554752467074e-01 8.3061684083209729e-06

3.1250000000000000e-01 1.3954183270852732e-03 9.0142554752467074e-01 8.3061684083209729e-06
3.7500000000000000e-01 5.7023772047251836e-04 9.0054275131612860e-01 -1.9929579091269314e-05

-7.5000000000000000e-01 2.5293958833059240e+00 3.9072570701792531e+00 2.8120905447974909e-01
-7.1875000000000000e-01 2.5361415973034664e+00 3.8917446191540144e+00 2.6810265229180841e-01

-7.1875000000000000e-01 2.5361415973034664e+00 3.8917446191540144e+00 2.6810265229180841e-01
-6.8750000000000000e-01 2.5418354625392419e+00 3.8767315818258377e+00 2.5590241118296070e-01

-6.8750000000000000e-01 2.5418354625392419e+00 3.8767315818258377e+00 2.5590241118296070e-01
-6.5625000000000000e-01 2.5459670548382665e+00 3.8581626208544622e+00 2.4251974515862557e-01

-6.5625000000000000e-01 2.5459670548382665e+00 3.8581626208544622e+00 2.4251974515862557e-01
-6.2500000000000000e-01 2.5477487534843264e+00 3.8384313326705626e+00 2.2982060359669323e-01

-6.2500000000000000e-01 2.5477487534843264e+00 3.8384313326705626e+00 2.2982060359669323e-01
-5.9375000000000000e-01 2.5460587671940700e+00 3.8135972821855844e+00 2.1614169429582764e-01

6.2500000000000000e-02 4.3405853839519865e-02 9.4383557463998724e-01 -3.5471099535474765e-05
9.3750000000000000e-02 2.8505172102829372e-02 9.2886290516783032e-01 2.0084722325119656e-05

9.3750000000000000e-02 2.8505172102829372e-02 9.2886290516783032e-01 2.0084722325119656e-05
1.2500000000000000e-01 1.8682108194956696e-02 9.1884426943818520e-01 -2.9777630034595363e-05

1.2500000000000000e-01 1.8682108194956696e-02 9.1884426943818520e-01 -2.9777630034595363e-05
1.5625000000000000e-01 1.2227254049191215e-02 9.1239235416195352e-01 1.4974730736577501e-05

1.5625000000000000e-01 1.2227254049191215e-02 9.1239235416195352e-01 1.4974730736577501e-05
1.8750000000000000e-01 7.9959790933265447e-03 9.0804450314112262e-01 -2.5191320398452079e-05

1.8750000000000000e-01 7.9959790933265447e-03 9.0804450314112262e-01 -2.5191320398452079e-05
2.1875000000000000e-01 5.2255645403041931e-03 9.0530386179095013e-01 1.0858435100055472e-05

2.1875000000000000e-01 5.2255645403041931e-03 9.0530386179095013e-01 1.0858435100055472e-05
2.5000000000000000e-01 3.4140768964995576e-03 9.0341651580600613e-01 -2.1496870805751125e-05

-5.3125000000000000e-01 2.5254172058487820e+00 3.7473168307090194e+00 1.8906247983193811e-01
-5.1562500000000000e-01 2.5146944944602363e+00 3.7252231901792818e+00 1.8228276986870726e-01

-5.1562500000000000e-01 2.5146944944602363e+00 3.7252231901792818e+00 1.8228276986870726e-01
-5.0000000000000000e-01 2.5008322199113002e+00 3.6995754113217463e+00 1.7524328131298020e-01

-2.8125000000000000e-01 1.5816704571922786e+00 2.6209748348367681e+00 7.7907270458660666e-02
-2.6562500000000000e-01 1.4520388325131741e+00 2.4806808478933986e+00 7.1487586529306493e-02

-2.6562500000000000e-01 1.4520388325131741e+00 2.4806808478933986e+00 7.1487586529306493e-02
-2.5000000000000000e-01 1.3195127231909911e+00 2.3377113078929859e+00 6.5297314914548002e-02

-2.5000000000000000e-01 1.3195127231909911e+00 2.3377113078929859e+00 6.5297314914548002e-02
-2.3437500000000000e-01 1.1868116566678300e+00 2.1947700540316419e+00 5.9301540689016122e-02

1.5625000000000000e-02 8.0540533479919921e-02 9.8152088906265667e-01 4.9926424782172222e-05
3.1250000000000000e-02 6.5609307057846941e-02 9.6625655980046976e-01 -5.1370540576662431e-05

3.1250000000000000e-02 6.5609307057846941e-02 9.6625655980046976e-01 -5.1370540576662431e-05
4.6875000000000000e-02 5.3387893096968876e-02 9.5403913198622570e-01 3.0176221494230587e-05

4.6875000000000000e-02 5.3387893096968876e-02 9.5403913198622570e-01 3.0176221494230587e-05
6.2500000000000000e-02 4.3405853839519865e-02 9.4383557463998724e-01 -3.5471099535474765e-05

-5.9375000000000000e-01 2.5460587671940700e+00 3.8135972821855844e+00 2.1614169429582764e-01
-5.7812500000000000e-01 2.5434874486295893e+00 3.8001671084705682e+00 2.0971042109304455e-01

-5.7812500000000000e-01 2.5434874486295893e+00 3.8001671084705682e+00 2.0971042109304455e-01
-5.6250000000000000e-01 2.5394103377290675e+00 3.7842634872100995e+00 2.0270248930373930e-01

-5.6250000000000000e-01 2.5394103377290675e+00 3.7842634872100995e+00 2.0270248930373930e-01
-5.4687500000000000e-01 2.5335085958818611e+00 3.7672034033220054e+00 1.9607531103313627e-01

-5.4687500000000000e-01 2.5335085958818611e+00 3.7672034033220054e+00 1.9607531103313627e-01
-5.3125000000000000e-01 2.5254172058487820e+00 3.7473168307090194e+00 1.8906247983193811e-01

-4.5312500000000000e-01 2.4342426783618611e+00 3.5980810233190526e+00 1.5425841330336801e-01
-4.4531250000000000e-01 2.4185012949582108e+00 3.5765186147871755e+00 1.5073635199913965e-01

-4.4531250000000000e-01 2.4185012949582108e+00 3.5765186147871755e+00 1.5073635199913965e-01
-4.3750000000000000e-01 2.4011518838982653e+00 3.5533386441984143e+00 1.4720170196897922e-01

-4.3750000000000000e-01 2.4011518838982653e+00 3.5533386441984143e+00 1.4720170196897922e-01
-4.2968750000000000e-01 2.3820803682909029e+00 3.5284517437579703e+00 1.4366855701162229e-01

-4.2968750000000000e-01 2.3820803682909029e+00 3.5284517437579703e+00 1.4366855701162229e-01
-4.2187500000000000e-01 2.3611708351624623e+00 3.5017291672881945e+00 1.4012946059371820e-01

-4.2187500000000000e-01 2.3611708351624623e+00 3.5017291672881945e+00 1.4012946059371820e-01
-4.1406250000000000e-01 2.3383066047119399e+00 3.4730656650883462e+00 1.3659099659219948e-01

-4.1406250000000000e-01 2.3383066047119399e+00 3.4730656650883462e+00 1.3659099659219948e-01
-4.0625000000000000e-01 2.3133720129394439e+00 3.4423413541947792e+00 1.3305087948826319e-01

-4.0625000000000000e-01 2.3133720129394439e+00 3.4423413541947792e+00 1.3305087948826319e-01
-3.9843750000000000e-01 2.2862542267891945e+00 3.4094492554615057e+00 1.2951272209491677e-01

-3.9843750000000000e-01 2.2862542267891945e+00 3.4094492554615057e+00 1.2951272209491677e-01
-3.9062500000000000e-01 2.2568455516723409e+00 3.3742809682517767e+00 1.2597653690299943e-01

-3.9062500000000000e-01 2.2568455516723409e+00 3.3742809682517767e+00 1.2597653690299943e-01
-3.8281250000000000e-01 2.2250459376546612e+00 3.3367398754942919e+00 1.2244486632230230e-01

-3.8281250000000000e-01 2.2250459376546612e+00 3.3367398754942919e+00 1.2244486632230230e-01
-3.7500000000000000e-01 2.1907658540639501e+00 3.2967370822700577e+00 1.1891884639096786e-01

-3.2812500000000000e-01 1.9301838343395967e+00 3.0023046912602029e+00 9.8004085243279915e-02
-3.2031250000000000e-01 1.8776006840498636e+00 2.9441709584342122e+00 9.4578549659271510e-02

-3.2031250000000000e-01 1.8776006840498636e+00 2.9441709584342122e+00 9.4578549659271510e-02
-3.1250000000000000e-01 1.8225872655175464e+00 2.8836394324020858e+00 9.1182099384003915e-02

-3.1250000000000000e-01 1.8225872655175464e+00 2.8836394324020858e+00 9.1182099384003915e-02
-3.0468750000000000e-01 1.7652889000517340e+00 2.8208523382489497e+00 8.7811681681975159e-02

-3.0468750000000000e-01 1.7652889000517340e+00 2.8208523382489497e+00 8.7811681681975159e-02
-2.9687500000000000e-01 1.7058868641126044e+00 2.7559954650111758e+00 8.4474502305855154e-02

-2.9687500000000000e-01 1.7058868641126044e+00 2.7559954650111758e+00 8.4474502305855154e-02
-2.8906250000000000e-01 1.6445975621651772e+00 2.6892852937190792e+00 8.1171343079987135e-02

-2.8906250000000000e-01 1.6445975621651772e+00 2.6892852937190792e+00 8.1171343079987135e-02
-2.8125000000000000e-01 1.5816704571922786e+00 2.6209748348367681e+00 7.7907270458660666e-02

-2.0312500000000000e-01 9.3158042221683746e-01 1.9199785474654143e+00 4.8114276556795843e-02
-1.9531250000000000e-01 8.7161683118554267e-01 1.8553459002214969e+00 4.5490493135138643e-02

-1.9531250000000000e-01 8.7161683118554267e-01 1.8553459002214969e+00 4.5490493135138643e-02
-1.8750000000000000e-01 8.1367284146677554e-01 1.7928225583483453e+00 4.2928693437873068e-02

-1.8750000000000000e-01 8.1367284146677554e-01 1.7928225583483453e+00 4.2928693437873068e-02
-1.7968750000000000e-01 7.5793066245232166e-01 1.7326126411650473e+00 4.0445648494127004e-02

-1.7968750000000000e-01 7.5793066245232166e-01 1.7326126411650473e+00 4.0445648494127004e-02
-1.7187500000000000e-01 7.0453676486633565e-01 1.6748564095450240e+00 3.8031467437099502e-02

-1.2500000000000000e-01 4.3744867795835835e-01 1.3840597204713452e+00 2.5060189065331882e-02
-1.1718750000000000e-01 4.0182466950186474e-01 1.3448848871266839e+00 2.3127035209194728e-02

-1.1718750000000000e-01 4.0182466950186474e-01 1.3448848871266839e+00 2.3127035209194728e-02
-1.0937500000000000e-01 3.6861192993177605e-01 1.3082515494843305e+00 2.1266610019298565e-02

-1.0937500000000000e-01 3.6861192993177605e-01 1.3082515494843305e+00 2.1266610019298565e-02
-1.0156250000000000e-01 3.3772296684887870e-01 1.2740421500055299e+00 1.9458458681892842e-02

-1.0156250000000000e-01 3.3772296684887870e-01 1.2740421500055299e+00 1.9458458681892842e-02
-9.3750000000000000e-02 3.0905962723019986e-01 1.2421722974082221e+00 1.7711347708312133e-02

-9.3750000000000000e-02 3.0905962723019986e-01 1.2421722974082221e+00 1.7711347708312133e-02
-8.5937500000000000e-02 2.8251624278172316e-01 1.2125209911816779e+00 1.6015039956286205e-02

-8.5937500000000000e-02 2.8251624278172316e-01 1.2125209911816779e+00 1.6015039956286205e-02
-7.8125000000000000e-02 2.5798197258072986e-01 1.1849802512611949e+00 1.4371463087747191e-02

-7.8125000000000000e-02 2.5798197258072986e-01 1.1849802512611949e+00 1.4371463087747191e-02
-7.0312500000000000e-02 2.3534316273932807e-01 1.1594270868248382e+00 1.2774673003286255e-02

-7.0312500000000000e-02 2.3534316273932807e-01 1.1594270868248382e+00 1.2774673003286255e-02
-6.2500000000000000e-02 2.1448517889526098e-01 1.1357451180680234e+00 1.1223831772046318e-02

-6.2500000000000000e-02 2.1448517889526098e-01 1.1357451180680234e+00 1.1223831772046318e-02
-5.4687500000000000e-02 1.9529407040373517e-01 1.1138135892076930e+00 9.7148861040894218e-03

-5.4687500000000000e-02 1.9529407040373517e-01 1.1138135892076930e+00 9.7148861040894218e-03
-4.6875000000000000e-02 1.7765785767830422e-01 1.0935169510325575e+00 8.2459746077302842e-03

-5.0000000000000000e-01 2.5008322199113002e+00 3.6995754113217463e+00 1.7524328131298020e-01
-4.9218750000000000e-01 2.4925629972057344e+00 3.6856033813657221e+00 1.7182722379710341e-01

-4.9218750000000000e-01 2.4925629972057344e+00 3.6856033813657221e+00 1.7182722379710341e-01
-4.8437500000000000e-01 2.4832841845883755e+00 3.6704239228740811e+00 1.6829037685462436e-01

-4.8437500000000000e-01 2.4832841845883755e+00 3.6704239228740811e+00 1.6829037685462436e-01
-4.7656250000000000e-01 2.4729073726302011e+00 3.6542664958151927e+00 1.6481774275313177e-01

-4.7656250000000000e-01 2.4729073726302011e+00 3.6542664958151927e+00 1.6481774275313177e-01
-4.6875000000000000e-01 2.4613409770317993e+00 3.6368368717457229e+00 1.6129106358811285e-01

-4.6875000000000000e-01 2.4613409770317993e+00 3.6368368717457229e+00 1.6129106358811285e-01
-4.6093750000000000e-01 2.4484868132060131e+00 3.6181702207701059e+00 1.5778748461653969e-01

-4.6093750000000000e-01 2.4484868132060131e+00 3.6181702207701059e+00 1.5778748461653969e-01
-4.5312500000000000e-01 2.4342426783618611e+00 3.5980810233190526e+00 1.5425841330336801e-01

-2.3437500000000000e-01 1.1868116566678300e+00 2.1947700540316419e+00 5.9301540689016122e-02
-2.2656250000000000e-01 1.1212543951212073e+00 2.1242348938431288e+00 5.6435824175626884e-02

-2.2656250000000000e-01 1.1212543951212073e+00 2.1242348938431288e+00 5.6435824175626884e-02
-2.1875000000000000e-01 1.0566643004612428e+00 2.0546834677382835e+00 5.3578198464827004e-02

-2.1875000000000000e-01 1.0566643004612428e+00 2.0546834677382835e+00 5.3578198464827004e-02
-2.1093750000000000e-01 9.9334625220621275e-01 1.9865231427658860e+00 5.0823532350626317e-02

-2.1093750000000000e-01 9.9334625220621275e-01 1.9865231427658860e+00 5.0823532350626317e-02
-2.0312500000000000e-01 9.3158042221683746e-01 1.9199785474654143e+00 4.8114276556795843e-02

-4.6875000000000000e-02 1.7765785767830422e-01 1.0935169510325575e+00 8.2459746077302842e-03
-3.9062500000000000e-02 1.6146761217063771e-01 1.0747406826234087e+00 6.8139728079382603e-03

-3.9062500000000000e-02 1.6146761217063771e-01 1.0747406826234087e+00 6.8139728079382603e-03
-3.1250000000000000e-02 1.4661826127933503e-01 1.0573755795868676e+00 5.4167467212844159e-03

-3.1250000000000000e-02 1.4661826127933503e-01 1.0573755795868676e+00 5.4167467212844159e-03
-2.3437500000000000e-02 1.3300920745412570e-01 1.0413161907126305e+00 4.0517177683330021e-03

-2.3437500000000000e-02 1.3300920745412570e-01 1.0413161907126305e+00 4.0517177683330021e-03
-1.5625000000000000e-02 1.2054475029712530e-01 1.0264627040958278e+00 2.7168009139586515e-03

-1.5625000000000000e-02 1.2054475029712530e-01 1.0264627040958278e+00 2.7168009139586515e-03
-7.8125000000000000e-03 1.0913436435942885e-01 1.0127203186141391e+00 1.4098068481142013e-03

-7.8125000000000000e-03 1.0913436435942885e-01 1.0127203186141391e+00 1.4098068481142013e-03
0.0000000000000000e+00 9.8692841567285111e-02 1.0000000000000000e+00 1.2883051269059440e-04

0.0000000000000000e+00 9.8692841567285111e-02 1.0000000000000000e+00 1.2883051269059440e-04
7.8125000000000000e-03 8.9172972548829263e-02 9.9000407445308791e-01 -9.3241392592062209e-05

7.8125000000000000e-03 8.9172972548829263e-02 9.9000407445308791e-01 -9.3241392592062209e-05
1.5625000000000000e-02 8.0540533479919921e-02 9.8152088906265667e-01 4.9926424782172222e-05

-3.7500000000000000e-01 2.1907658540639501e+00 3.2967370822700577e+00 1.1891884639096786e-01
-3.7109375000000000e-01 2.1726765771960386e+00 3.2757945219659610e+00 1.1715941480181194e-01

-3.7109375000000000e-01 2.1726765771960386e+00 3.2757945219659610e+00 1.1715941480181194e-01
-3.6718750000000000e-01 2.1539400643340181e+00 3.2542096343743094e+00 1.1540116642961058e-01

-3.6718750000000000e-01 2.1539400643340181e+00 3.2542096343743094e+00 1.1540116642961058e-01
-3.6328125000000000e-01 2.1345494700159784e+00 3.2319764263130510e+00 1.1364576784757065e-01

-3.6328125000000000e-01 2.1345494700159784e+00 3.2319764263130510e+00 1.1364576784757065e-01
-3.5937500000000000e-01 2.1144992219206076e+00 3.2090892361873853e+00 1.1189293038305811e-01

-3.5937500000000000e-01 2.1144992219206076e+00 3.2090892361873853e+00 1.1189293038305811e-01
-3.5546875000000000e-01 2.0937851236189577e+00 3.1855441435773053e+00 1.1014315423826784e-01

-3.5546875000000000e-01 2.0937851236189577e+00 3.1855441435773053e+00 1.1014315423826784e-01
-3.5156250000000000e-01 2.0724044642079837e+00 3.1613385593685042e+00 1.0839664071556272e-01

-3.5156250000000000e-01 2.0724044642079837e+00 3.1613385593685042e+00 1.0839664071556272e-01
-3.4765625000000000e-01 2.0503561230739358e+00 3.1364715379272359e+00 1.0665372356057698e-01

-3.4765625000000000e-01 2.0503561230739358e+00 3.1364715379272359e+00 1.0665372356057698e-01
-3.4375000000000000e-01 2.0276406728542269e+00 3.1109437985303274e+00 1.0491469800524547e-01

-3.4375000000000000e-01 2.0276406728542269e+00 3.1109437985303274e+00 1.0491469800524547e-01
-3.3984375000000000e-01 2.0042604776575548e+00 3.0847578573136256e+00 1.0317988854490591e-01

-3.3984375000000000e-01 2.0042604776575548e+00 3.0847578573136256e+00 1.0317988854490591e-01
-3.3593750000000000e-01 1.9802197858948207e+00 3.0579181082784306e+00 1.0144962201533642e-01

-3.3593750000000000e-01 1.9802197858948207e+00 3.0579181082784306e+00 1.0144962201533642e-01
-3.3203125000000000e-01 1.9555248160848457e+00 3.0304309157109213e+00 9.9724238155079734e-02

-3.3203125000000000e-01 1.9555248160848457e+00 3.0304309157109213e+00 9.9724238155079734e-02
-3.2812500000000000e-01 1.9301838343395967e+00 3.0023046912602029e+00 9.8004085243279915e-02

-1.7187500000000000e-01 7.0453676486633565e-01 1.6748564095450240e+00 3.8031467437099502e-02
-1.6796875000000000e-01 6.7876027952734364e-01 1.6469517288754161e+00 3.6859793380451748e-02

-1.6796875000000000e-01 6.7876027952734364e-01 1.6469517288754161e+00 3.6859793380451748e-02
-1.6406250000000000e-01 6.5360983290442509e-01 1.6196884171760979e+00 3.5696230183585642e-02

-1.6406250000000000e-01 6.5360983290442509e-01 1.6196884171760979e+00 3.5696230183585642e-02
-1.6015625000000000e-01 6.2909378551419826e-01 1.5930938930802836e+00 3.4554738904528315e-02

-1.6015625000000000e-01 6.2909378551419826e-01 1.5930938930802836e+00 3.4554738904528315e-02
-1.5625000000000000e-01 6.0521856815127462e-01 1.5671673893261560e+00 3.3429652153023480e-02

-1.5625000000000000e-01 6.0521856815127462e-01 1.5671673893261560e+00 3.3429652153023480e-02
-1.5234375000000000e-01 5.8198860427409438e-01 1.5419165067638494e+00 3.2323051126843506e-02

-1.5234375000000000e-01 5.8198860427409438e-01 1.5419165067638494e+00 3.2323051126843506e-02
-1.4843750000000000e-01 5.5940645719672466e-01 1.5173427689666696e+00 3.1233909950691641e-02

-1.4843750000000000e-01 5.5940645719672466e-01 1.5173427689666696e+00 3.1233909950691641e-02
-1.4453125000000000e-01 5.3747289796020492e-01 1.4934475034184600e+00 3.0162402148206899e-02

-1.4453125000000000e-01 5.3747289796020492e-01 1.4934475034184600e+00 3.0162402148206899e-02
-1.4062500000000000e-01 5.1618701313319282e-01 1.4702296345184078e+00 2.9108194365155399e-02

-1.4062500000000000e-01 5.1618701313319282e-01 1.4702296345184078e+00 2.9108194365155399e-02
-1.3671875000000000e-01 4.9554630317057347e-01 1.4476867056745071e+00 2.8071124742175359e-02

-1.3671875000000000e-01 4.9554630317057347e-01 1.4476867056745071e+00 2.8071124742175359e-02
-1.3281250000000000e-01 4.7554678922752114e-01 1.4258146203164805e+00 2.7050935699938404e-02

-1.3281250000000000e-01 4.7554678922752114e-01 1.4258146203164805e+00 2.7050935699938404e-02
-1.2890625000000000e-01 4.5618311963022123e-01 1.4046078967907349e+00 2.6047381823818546e-02

-1.2890625000000000e-01 4.5618311963022123e-01 1.4046078967907349e+00 2.6047381823818546e-02
-1.2500000000000000e-01 4.3744867795835835e-01 1.3840597204713452e+00 2.5060189065331882e-02

