((-50.0 4.3)
(-49.0 4.30000000000056)
(-48.0 4.300000000000928)
(-47.0 4.300000000002195)
(-46.0 4.30000000000385)
(-45.0 4.300000000007365)
(-44.0 4.300000000013098)
(-43.0 4.300000000023591)
(-42.0 4.300000000042689)
(-41.0 4.3000000000734095)
(-40.0 4.30000000014144)
(-39.5 4.300000000180971)
(-39.0 4.300000000248212)
(-38.5 4.300000000324737)
(-38.0 4.300000000438528)
(-37.5 4.30000000057959)
(-37.0 4.3000000007771515)
(-36.5 4.300000001031902)
(-36.0 4.300000001379163)
(-35.5 4.300000001835104)
(-35.0 4.300000002449033)
(-34.5 4.300000003261764)
(-34.0 4.300000004350036)
(-33.5 4.300000005796114)
(-33.0 4.300000007727576)
(-32.5 4.300000010298429)
(-32.0 4.300000013728282)
(-31.5 4.300000018297058)
(-31.0 4.300000024389265)
(-30.5 4.300000032507258)
(-30.0 4.300000043329645)
(-29.5 4.3000000577529285)
(-29.0 4.300000076979134)
(-28.5 4.300000102604173)
(-28.0 4.300000136760716)
(-27.5 4.300000182286547)
(-27.0 4.300000242968323)
(-26.5 4.300000323849544)
(-26.0 4.300000431655777)
(-25.5 4.300000575348647)
(-25.0 4.3000007668752005)
(-24.5 4.300001022157315)
(-24.0 4.30000136241828)
(-23.5 4.300001815944247)
(-23.0 4.300002420437172)
(-22.5 4.300003226146187)
(-22.0 4.300004300043896)
(-21.5 4.300005731388797)
(-21.0 4.3000076391384)
(-20.5 4.300010181824056)
(-20.0 4.300013570704727)
(-19.5 4.300018087284047)
(-19.0 4.300024106630386)
(-18.5 4.300032128411907)
(-18.0 4.300042818174317)
(-17.5 4.300057062206797)
(-17.0 4.300076040395942)
(-16.5 4.300101322848434)
(-16.0 4.300134997814771)
(-15.5 4.300179840676793)
(-15.0 4.300239536493411)
(-14.5 4.300318971881582)
(-14.0 4.300424615694061)
(-13.5 4.300565011745134)
(-13.0 4.300751409895117)
(-12.5 4.300998562597235)
(-12.0 4.301325709538908)
(-11.5 4.301757758169244)
(-11.0 4.302326634105878)
(-10.5 4.303072709393039)
(-10.0 4.3040460989461335)
(-9.5 4.305307420833387)
(-9.0 4.306927315228697)
(-8.5 4.308983584820784)
(-8.0 4.311554248049925)
(-7.5 4.314704110934823)
(-7.0 4.318461730520513)
(-6.5 4.322782958017181)
(-6.0 4.327496657075739)
(-5.5 4.332228169139555)
(-5.0 4.336289426417026)
(-4.5 4.338583337928436)
(-4.0 4.337116063298703)
(-3.5 4.330467205101939)
(-3.25 4.320661620974109)
(-3.0 4.3125405907854715)
(-2.75 4.296091029235137)
(-2.5 4.279230811207334)
(-2.25 4.252959515842561)
(-2.125 4.23878211274746)
(-2.0 4.221598298428677)
(-1.875 4.203509618093402)
(-1.75 4.1821804886721345)
(-1.625 4.159478393139224)
(-1.5 4.133246896842111)
(-1.375 4.105139539652286)
(-1.25 4.073155909819032)
(-1.125 4.0387389466212005)
(-1.0 3.99993298915858)
(-0.875 3.957407841590437)
(-0.8125 3.932668291812817)
(-0.75 3.907257070179253)
(-0.71875 3.8917446191540144)
(-0.6875 3.8767315818258377)
(-0.65625 3.858162620854462)
(-0.625 3.8384313326705626)
(-0.59375 3.8135972821855844)
(-0.578125 3.800167108470568)
(-0.5625 3.7842634872100995)
(-0.546875 3.7672034033220054)
(-0.53125 3.7473168307090194)
(-0.515625 3.725223190179282)
(-0.5 3.6995754113217463)
(-0.4921875 3.685603381365722)
(-0.484375 3.670423922874081)
(-0.4765625 3.6542664958151927)
(-0.46875 3.636836871745723)
(-0.4609375 3.618170220770106)
(-0.453125 3.5980810233190526)
(-0.4453125 3.5765186147871755)
(-0.4375 3.5533386441984143)
(-0.4296875 3.5284517437579703)
(-0.421875 3.5017291672881945)
(-0.4140625 3.4730656650883462)
(-0.40625 3.442341354194779)
(-0.3984375 3.4094492554615057)
(-0.390625 3.3742809682517767)
(-0.3828125 3.336739875494292)
(-0.375 3.2967370822700577)
(-0.37109375 3.275794521965961)
(-0.3671875 3.2542096343743094)
(-0.36328125 3.231976426313051)
(-0.359375 3.2090892361873853)
(-0.35546875 3.1855441435773053)
(-0.3515625 3.161338559368504)
(-0.34765625 3.136471537927236)
(-0.34375 3.1109437985303274)
(-0.33984375 3.0847578573136256)
(-0.3359375 3.0579181082784306)
(-0.33203125 3.0304309157109213)
(-0.328125 3.002304691260203)
(-0.3203125 2.944170958434212)
(-0.3125 2.8836394324020858)
(-0.3046875 2.8208523382489497)
(-0.296875 2.7559954650111758)
(-0.2890625 2.689285293719079)
(-0.28125 2.620974834836768)
(-0.265625 2.4806808478933986)
(-0.25 2.337711307892986)
(-0.234375 2.194770054031642)
(-0.2265625 2.124234893843129)
(-0.21875 2.0546834677382835)
(-0.2109375 1.986523142765886)
(-0.203125 1.9199785474654143)
(-0.1953125 1.855345900221497)
(-0.1875 1.7928225583483453)
(-0.1796875 1.7326126411650473)
(-0.171875 1.674856409545024)
(-0.16796875 1.646951728875416)
(-0.1640625 1.619688417176098)
(-0.16015625 1.5930938930802836)
(-0.15625 1.567167389326156)
(-0.15234375 1.5419165067638494)
(-0.1484375 1.5173427689666696)
(-0.14453125 1.49344750341846)
(-0.140625 1.4702296345184078)
(-0.13671875 1.447686705674507)
(-0.1328125 1.4258146203164805)
(-0.12890625 1.404607896790735)
(-0.125 1.3840597204713452)
(-0.1171875 1.3448848871266839)
(-0.109375 1.3082515494843305)
(-0.1015625 1.27404215000553)
(-0.09375 1.242172297408222)
(-0.0859375 1.2125209911816779)
(-0.078125 1.1849802512611949)
(-0.0703125 1.1594270868248382)
(-0.0625 1.1357451180680234)
(-0.0546875 1.113813589207693)
(-0.046875 1.0935169510325575)
(-0.0390625 1.0747406826234087)
(-0.03125 1.0573755795868676)
(-0.0234375 1.0413161907126305)
(-0.015625 1.0264627040958278)
(-0.0078125 1.0127203186141391)
(0.0 1.0)
(0.0078125 0.9900040744530879)
(0.015625 0.9815208890626567)
(0.03125 0.9662565598004698)
(0.046875 0.9540391319862257)
(0.0625 0.9438355746399872)
(0.09375 0.9288629051678303)
(0.125 0.9188442694381852)
(0.15625 0.9123923541619535)
(0.1875 0.9080445031411226)
(0.21875 0.9053038617909501)
(0.25 0.9034165158060061)
(0.3125 0.9014255475246707)
(0.375 0.9005427513161286)
(0.5 0.900062282866884)
(0.625 0.8999716935731614)
(0.75 0.9000113458814035)
(1.0 0.8999681173863027)
(1.5 0.900010589980078)
(2.0 0.8999684688175337)
(2.5 0.9000102715736974)
(3.0 0.8999687684871329)
(3.25 0.9000098429679239)
(3.375 0.899969594071471)
(3.5 0.9000087730286899)
(3.625 0.8999706334200743)
(3.75 0.9000077610655582)
(3.875 0.8999716185164492)
(4.0 0.9000068021050338)
(4.125 0.8999725520330099)
(4.25 0.9000058933572027)
(4.375 0.8999734366692812)
(4.5 0.9000050321927443)
(4.625 0.8999742749846975)
(4.75 0.9000042161201225)
(4.875 0.8999750694046867)
(5.0 0.9000034427782624)
(5.25 0.8999756377921475)
(5.5 0.9000030714440743)
(5.75 0.8999760041671861)
(6.0 0.9000027099619559)
(6.25 0.8999763608217292)
(6.5 0.9000023580705162)
(6.75 0.8999767080136762)
(7.0 0.9000020155153001)
(7.5 0.8999769623481385)
(8.0 0.900001847662993)
(8.5 0.8999771290758614)
(9.0 0.9000016820523199)
(9.5 0.8999772935769689)
(10.0 0.9000015186533441)
(10.5 0.8999774558811969)
(11.0 0.900001357436529)
(11.5 0.8999776160178846)
(12.0 0.9000011983727321)
(12.5 0.8999777740159789)
(13.0 0.9000010414332004)
(13.5 0.8999779299040402)
(14.0 0.9000008865895646)
(14.5 0.8999780837102478)
(15.0 0.9000007338138346)
(15.5 0.8999782354624042)
(16.0 0.9000005830783939)
(16.5 0.899978385187941)
(17.0 0.9000004343559949)
(17.5 0.8999785329139232)
(18.0 0.9000002876197536)
(18.5 0.8999786786670545)
(19.0 0.9000001428431456)
(19.5 0.899978822473682)
(20.0 0.9))