((-50.0 1.700000070201617)
(-49.0 1.700000070202417)
(-48.0 1.7000000702038571)
(-47.0 1.7000000702064)
(-46.0 1.7000000702109372)
(-45.0 1.700000070218969)
(-44.0 1.700000070233328)
(-43.0 1.7000000702585594)
(-42.0 1.7000000703044365)
(-41.0 1.700000070382159)
(-40.0 1.7000000705343314)
(-39.5 1.7000000706459462)
(-39.0 1.700000070793745)
(-38.5 1.7000000709916219)
(-38.0 1.700000071254578)
(-37.5 1.7000000716057846)
(-37.0 1.7000000720732589)
(-36.5 1.7000000726969338)
(-36.0 1.7000000735276977)
(-35.5 1.70000007463549)
(-35.0 1.7000000761116265)
(-34.5 1.700000078079542)
(-34.0 1.7000000807022078)
(-33.5 1.700000084198249)
(-33.0 1.7000000888578035)
(-32.5 1.7000000950687355)
(-32.0 1.7000001033469945)
(-31.5 1.7000001143812142)
(-31.0 1.700000129088429)
(-30.5 1.700000148691702)
(-30.0 1.700000174820558)
(-29.5 1.7000002096475912)
(-29.0 1.7000002560680734)
(-28.5 1.7000003179415826)
(-28.0 1.7000004004120568)
(-27.5 1.7000005103362006)
(-27.0 1.7000006568528663)
(-26.5 1.7000008521434475)
(-26.0 1.7000011124440604)
(-25.5 1.7000014593958543)
(-25.0 1.7000019218437195)
(-24.5 1.7000025382346908)
(-24.0 1.7000033598137927)
(-23.5 1.7000044548843831)
(-23.0 1.7000059144857393)
(-22.5 1.700007859960804)
(-22.0 1.7000104530417113)
(-21.5 1.7000139092916577)
(-21.0 1.7000185160182204)
(-20.5 1.7000246561453747)
(-20.0 1.7000328400232145)
(-19.5 1.7000437478117338)
(-19.0 1.70005828594607)
(-18.5 1.7000776623501286)
(-18.0 1.7001034866015572)
(-17.5 1.7001379032877593)
(-17.0 1.7001837694830517)
(-16.5 1.7002448908249894)
(-16.0 1.7003263353252633)
(-15.5 1.700434850136216)
(-15.0 1.7005794143876345)
(-14.5 1.7007719713520635)
(-14.0 1.7010283960576877)
(-13.5 1.701369770474003)
(-13.0 1.7018240577861306)
(-12.5 1.7024282898410612)
(-12.0 1.703231406491408)
(-11.5 1.7042979096024684)
(-11.0 1.7057125127211836)
(-10.5 1.707585970998004)
(-10.0 1.7100622516070805)
(-9.5 1.7133271352665393)
(-9.0 1.7176182063939844)
(-8.5 1.7232359822953698)
(-8.0 1.7305556615450932)
(-7.5 1.7400386878642133)
(-7.0 1.7522431254496573)
(-6.5 1.7678318540623301)
(-6.0 1.7875778961723394)
(-5.5 1.8123672864516)
(-5.0 1.843194526475359)
(-4.5 1.8812061191920753)
(-4.0 1.9273926887158663)
(-3.5 1.984301543513635)
(-3.25 2.016516400289494)
(-3.0 2.0516198944667567)
(-2.75 2.0899811427244925)
(-2.5 2.131636328619414)
(-2.25 2.1771688739141983)
(-2.125 2.201209676759189)
(-2.0 2.2262289979046006)
(-1.875 2.252234080538371)
(-1.75 2.279265518988173)
(-1.625 2.307330951937873)
(-1.5 2.336467410651015)
(-1.375 2.366681138044742)
(-1.25 2.3980014053668253)
(-1.125 2.4304146627311938)
(-1.0 2.4638449149077886)
(-0.875 2.4976655391803817)
(-0.8125 2.514158022619702)
(-0.75 2.529395883305924)
(-0.71875 2.5361415973034664)
(-0.6875 2.541835462539242)
(-0.65625 2.5459670548382665)
(-0.625 2.5477487534843264)
(-0.59375 2.54605876719407)
(-0.578125 2.5434874486295893)
(-0.5625 2.5394103377290675)
(-0.546875 2.533508595881861)
(-0.53125 2.525417205848782)
(-0.515625 2.5146944944602363)
(-0.5 2.5008322199113002)
(-0.4921875 2.4925629972057344)
(-0.484375 2.4832841845883755)
(-0.4765625 2.472907372630201)
(-0.46875 2.4613409770317993)
(-0.4609375 2.448486813206013)
(-0.453125 2.434242678361861)
(-0.4453125 2.4185012949582108)
(-0.4375 2.4011518838982653)
(-0.4296875 2.382080368290903)
(-0.421875 2.3611708351624623)
(-0.4140625 2.33830660471194)
(-0.40625 2.313372012939444)
(-0.3984375 2.2862542267891945)
(-0.390625 2.256845551672341)
(-0.3828125 2.225045937654661)
(-0.375 2.19076585406395)
(-0.37109375 2.1726765771960386)
(-0.3671875 2.153940064334018)
(-0.36328125 2.1345494700159784)
(-0.359375 2.1144992219206076)
(-0.35546875 2.0937851236189577)
(-0.3515625 2.0724044642079837)
(-0.34765625 2.0503561230739358)
(-0.34375 2.027640672854227)
(-0.33984375 2.0042604776575548)
(-0.3359375 1.9802197858948207)
(-0.33203125 1.9555248160848457)
(-0.328125 1.9301838343395967)
(-0.3203125 1.8776006840498636)
(-0.3125 1.8225872655175464)
(-0.3046875 1.765288900051734)
(-0.296875 1.7058868641126044)
(-0.2890625 1.6445975621651772)
(-0.28125 1.5816704571922786)
(-0.265625 1.4520388325131741)
(-0.25 1.319512723190991)
(-0.234375 1.18681165666783)
(-0.2265625 1.1212543951212073)
(-0.21875 1.0566643004612428)
(-0.2109375 0.9933462522062128)
(-0.203125 0.9315804222168375)
(-0.1953125 0.8716168311855427)
(-0.1875 0.8136728414667755)
(-0.1796875 0.7579306624523217)
(-0.171875 0.7045367648663357)
(-0.16796875 0.6787602795273436)
(-0.1640625 0.6536098329044251)
(-0.16015625 0.6290937855141983)
(-0.15625 0.6052185681512746)
(-0.15234375 0.5819886042740944)
(-0.1484375 0.5594064571967247)
(-0.14453125 0.5374728979602049)
(-0.140625 0.5161870131331928)
(-0.13671875 0.49554630317057347)
(-0.1328125 0.47554678922752114)
(-0.12890625 0.45618311963022123)
(-0.125 0.43744867795835835)
(-0.1171875 0.40182466950186474)
(-0.109375 0.36861192993177605)
(-0.1015625 0.3377229668488787)
(-0.09375 0.30905962723019986)
(-0.0859375 0.28251624278172316)
(-0.078125 0.25798197258072986)
(-0.0703125 0.23534316273932807)
(-0.0625 0.21448517889526098)
(-0.0546875 0.19529407040373517)
(-0.046875 0.17765785767830422)
(-0.0390625 0.1614676121706377)
(-0.03125 0.14661826127933503)
(-0.0234375 0.1330092074541257)
(-0.015625 0.1205447502971253)
(-0.0078125 0.10913436435942885)
(0.0 0.09869284156728511)
(0.0078125 0.08917297254882926)
(0.015625 0.08054053347991992)
(0.03125 0.06560930705784694)
(0.046875 0.053387893096968876)
(0.0625 0.043405853839519865)
(0.09375 0.028505172102829372)
(0.125 0.018682108194956696)
(0.15625 0.012227254049191215)
(0.1875 0.007995979093326545)
(0.21875 0.005225564540304193)
(0.25 0.0034140768964995576)
(0.3125 0.0013954183270852732)
(0.375 0.0005702377204725184)
(0.5 4.950554948868155e-05)
(0.625 4.444167236938726e-06)
(0.75 3.270999390434652e-07)
(1.0 4.0752840228631255e-08)
(1.5 6.4038447297267e-09)
(2.0 1.0663560252698097e-07)
(2.5 -2.8715121717789135e-08)
(3.0 1.2510411958303225e-07)
(3.25 -3.9930126299979803e-08)
(3.375 1.2994758742685313e-07)
(3.5 -3.742605120121045e-08)
(3.625 1.25332709805893e-07)
(3.75 -3.312273063092463e-08)
(3.875 1.2112714198306893e-07)
(4.0 -2.9030174881732104e-08)
(4.125 1.17143048824773e-07)
(4.25 -2.5151801490274613e-08)
(4.375 1.1336757818584815e-07)
(4.5 -2.1476504596412573e-08)
(4.625 1.0978979681298797e-07)
(4.75 -1.7993651639326304e-08)
(4.875 1.0639935333392079e-07)
(5.0 -1.4693165978224731e-08)
(5.25 1.0397357654629149e-07)
(5.5 -1.3108377646782766e-08)
(5.75 1.02409952929917e-07)
(6.0 -1.1565636187420215e-08)
(6.25 1.0088781466129543e-07)
(6.5 -1.0063826040571962e-08)
(6.75 9.940606107228965e-08)
(7.0 -8.60186123589757e-09)
(7.5 9.832060673905591e-08)
(8.0 -7.885497411018548e-09)
(8.5 9.760904242052608e-08)
(9.0 -7.178700480362607e-09)
(9.5 9.690698090050446e-08)
(10.0 -6.481342680724284e-09)
(10.5 9.621429527142458e-08)
(11.0 -5.793297954627577e-09)
(11.5 9.553086032026233e-08)
(12.0 -5.114441927908453e-09)
(12.5 9.485655250609376e-08)
(13.0 -4.444651887346145e-09)
(13.5 9.419124993784379e-08)
(14.0 -3.783806758523977e-09)
(14.5 9.353483235225576e-08)
(15.0 -3.1317870839358803e-09)
(15.5 9.288718109215955e-08)
(16.0 -2.4884750014142333e-09)
(16.5 9.224817908503726e-08)
(17.0 -1.8537542228131874e-09)
(17.5 9.16177108218453e-08)
(18.0 -1.227510012994989e-09)
(18.5 9.099566233613265e-08)
(19.0 -6.096291690822048e-10)
(19.5 9.038192118346096e-08)
(20.0 0.0))