((-50.0 0.9999999999996315)
(-49.0 0.9999999999993701)
(-48.0 0.99999999999886)
(-47.0 0.999999999997991)
(-46.0 0.9999999999964156)
(-45.0 0.9999999999936416)
(-44.0 0.9999999999886906)
(-43.0 0.9999999999799092)
(-42.0 0.9999999999642888)
(-41.0 0.9999999999365408)
(-40.0 0.9999999998872181)
(-39.5 0.999999999844714)
(-39.0 0.9999999997975002)
(-38.5 0.9999999997260447)
(-38.0 0.999999999638501)
(-37.5 0.9999999995148622)
(-37.0 0.9999999993563441)
(-36.5 0.9999999991393863)
(-36.0 0.9999999988553266)
(-35.5 0.9999999984720812)
(-35.0 0.999999997965434)
(-34.5 0.9999999972863567)
(-34.0 0.9999999963846278)
(-33.5 0.9999999951796456)
(-33.0 0.9999999935763147)
(-32.5 0.9999999914367416)
(-32.0 0.9999999885871912)
(-31.5 0.9999999847870067)
(-31.0 0.9999999797236259)
(-30.5 0.9999999729730256)
(-30.0 0.9999999639767233)
(-29.5 0.9999999519842779)
(-29.0 0.9999999360008933)
(-28.5 0.9999999146956845)
(-28.0 0.999999886299181)
(-27.5 0.9999998484488511)
(-27.0 0.9999997979993311)
(-26.5 0.9999997307549159)
(-26.0 0.9999996411261528)
(-25.5 0.9999995216602391)
(-25.0 0.999999362425821)
(-24.5 0.9999991501833104)
(-24.0 0.9999988672877561)
(-23.5 0.9999984902185896)
(-23.0 0.9999979876270708)
(-22.5 0.9999973177273018)
(-22.0 0.9999964248245466)
(-21.5 0.9999952346825982)
(-21.0 0.9999936483537166)
(-20.5 0.9999915339502955)
(-20.0 0.9999887156812144)
(-19.5 0.9999849592349078)
(-19.0 0.9999799522995871)
(-18.5 0.9999732785956814)
(-18.0 0.9999643832659699)
(-17.5 0.9999525267411518)
(-17.0 0.9999367232481261)
(-16.5 0.9999156588433897)
(-16.0 0.9998875821569574)
(-15.5 0.9998501587550409)
(-15.0 0.9998002770062088)
(-14.5 0.9997337892915013)
(-14.0 0.9996451670148498)
(-13.5 0.9995270406766065)
(-13.0 0.9993695866804723)
(-12.5 0.9991597097279484)
(-12.0 0.9988799525402314)
(-11.5 0.9985070417639079)
(-11.0 0.9980099483112069)
(-10.5 0.9973472994062397)
(-10.0 0.9964639247062159)
(-9.5 0.9952862452486068)
(-9.0 0.9937161152373968)
(-8.5 0.9916225942948285)
(-8.0 0.9888309506042465)
(-7.5 0.985107959054236)
(-7.0 0.9801422454835673)
(-6.5 0.9735180182098865)
(-6.0 0.9646800009144665)
(-5.5 0.9528867225141344)
(-5.0 0.9371485385627847)
(-4.5 0.9161458871729824)
(-4.0 0.888122694619599)
(-3.5 0.8507485997911864)
(-3.25 0.8260328602168906)
(-3.0 0.8006159260889624)
(-2.75 0.7683779911955069)
(-2.5 0.7339664904798257)
(-2.25 0.6917350316390677)
(-2.125 0.6692577493164327)
(-2.0 0.6444361354710855)
(-1.875 0.6185026930902358)
(-1.75 0.5900593864380292)
(-1.625 0.5602002600573862)
(-1.5 0.5276352522209907)
(-1.375 0.4933329131779114)
(-1.25 0.4560999282402293)
(-1.125 0.4167921201062692)
(-1.0 0.3743042244327537)
(-0.875 0.3293941200956096)
(-0.8125 0.3051343144634094)
(-0.75 0.2812090544797491)
(-0.71875 0.2681026522918084)
(-0.6875 0.2559024111829607)
(-0.65625 0.24251974515862557)
(-0.625 0.22982060359669323)
(-0.59375 0.21614169429582764)
(-0.578125 0.20971042109304455)
(-0.5625 0.2027024893037393)
(-0.546875 0.19607531103313627)
(-0.53125 0.1890624798319381)
(-0.515625 0.18228276986870726)
(-0.5 0.1752432813129802)
(-0.4921875 0.1718272237971034)
(-0.484375 0.16829037685462436)
(-0.4765625 0.16481774275313177)
(-0.46875 0.16129106358811285)
(-0.4609375 0.15778748461653969)
(-0.453125 0.154258413303368)
(-0.4453125 0.15073635199913965)
(-0.4375 0.14720170196897922)
(-0.4296875 0.1436685570116223)
(-0.421875 0.1401294605937182)
(-0.4140625 0.13659099659219948)
(-0.40625 0.1330508794882632)
(-0.3984375 0.12951272209491677)
(-0.390625 0.12597653690299943)
(-0.3828125 0.1224448663223023)
(-0.375 0.11891884639096786)
(-0.37109375 0.11715941480181194)
(-0.3671875 0.11540116642961058)
(-0.36328125 0.11364576784757065)
(-0.359375 0.11189293038305811)
(-0.35546875 0.11014315423826784)
(-0.3515625 0.10839664071556272)
(-0.34765625 0.10665372356057698)
(-0.34375 0.10491469800524547)
(-0.33984375 0.10317988854490591)
(-0.3359375 0.10144962201533642)
(-0.33203125 0.09972423815507973)
(-0.328125 0.09800408524327991)
(-0.3203125 0.09457854965927151)
(-0.3125 0.09118209938400391)
(-0.3046875 0.08781168168197516)
(-0.296875 0.08447450230585515)
(-0.2890625 0.08117134307998713)
(-0.28125 0.07790727045866067)
(-0.265625 0.0714875865293065)
(-0.25 0.065297314914548)
(-0.234375 0.05930154068901612)
(-0.2265625 0.056435824175626884)
(-0.21875 0.053578198464827004)
(-0.2109375 0.05082353235062632)
(-0.203125 0.04811427655679584)
(-0.1953125 0.04549049313513864)
(-0.1875 0.04292869343787307)
(-0.1796875 0.040445648494127004)
(-0.171875 0.0380314674370995)
(-0.16796875 0.03685979338045175)
(-0.1640625 0.03569623018358564)
(-0.16015625 0.034554738904528315)
(-0.15625 0.03342965215302348)
(-0.15234375 0.032323051126843506)
(-0.1484375 0.03123390995069164)
(-0.14453125 0.0301624021482069)
(-0.140625 0.0291081943651554)
(-0.13671875 0.02807112474217536)
(-0.1328125 0.027050935699938404)
(-0.12890625 0.026047381823818546)
(-0.125 0.025060189065331882)
(-0.1171875 0.023127035209194728)
(-0.109375 0.021266610019298565)
(-0.1015625 0.019458458681892842)
(-0.09375 0.017711347708312133)
(-0.0859375 0.016015039956286205)
(-0.078125 0.01437146308774719)
(-0.0703125 0.012774673003286255)
(-0.0625 0.011223831772046318)
(-0.0546875 0.009714886104089422)
(-0.046875 0.008245974607730284)
(-0.0390625 0.00681397280793826)
(-0.03125 0.005416746721284416)
(-0.0234375 0.004051717768333002)
(-0.015625 0.0027168009139586515)
(-0.0078125 0.0014098068481142013)
(0.0 0.0001288305126905944)
(0.0078125 -9.324139259206221e-05)
(0.015625 4.992642478217222e-05)
(0.03125 -5.137054057666243e-05)
(0.046875 3.0176221494230587e-05)
(0.0625 -3.5471099535474765e-05)
(0.09375 2.0084722325119656e-05)
(0.125 -2.9777630034595363e-05)
(0.15625 1.49747307365775e-05)
(0.1875 -2.519132039845208e-05)
(0.21875 1.0858435100055472e-05)
(0.25 -2.1496870805751125e-05)
(0.3125 8.306168408320973e-06)
(0.375 -1.9929579091269314e-05)
(0.5 7.177679211916993e-06)
(0.625 -1.9207320941035613e-05)
(0.75 6.474665237163659e-06)
(1.0 -1.8690667541452452e-05)
(1.5 6.220683812921706e-06)
(2.0 -1.8523055465680455e-05)
(2.5 6.054199488412361e-06)
(3.0 -1.8357691304538303e-05)
(3.25 5.808648262722154e-06)
(3.375 -1.7874767076683424e-05)
(3.5 5.17761654557323e-06)
(3.625 -1.7260548856335564e-05)
(3.75 4.579763835551277e-06)
(3.875 -1.6678625606520268e-05)
(4.0 4.01334561414159e-06)
(4.125 -1.6127299290469574e-05)
(4.25 3.4767090878421076e-06)
(4.375 -1.5604961152465118e-05)
(4.5 2.9682883653553554e-06)
(4.625 -1.5110087023531143e-05)
(4.75 2.486599888358747e-06)
(4.875 -1.4641232873949463e-05)
(5.0 2.0302381025203357e-06)
(5.25 -1.4305847125499747e-05)
(5.5 1.81114565096358e-06)
(5.75 -1.4089693046365703e-05)
(6.0 1.5978905360826238e-06)
(6.25 -1.3879298016093395e-05)
(6.5 1.3903172322113592e-06)
(6.75 -1.3674508594859138e-05)
(7.0 1.1882743573941127e-06)
(7.5 -1.3524505778857318e-05)
(8.0 1.0892817502113101e-06)
(8.5 -1.3426179227728248e-05)
(9.0 9.91616773683459e-07)
(9.5 -1.3329171374501869e-05)
(10.0 8.95261622408655e-07)
(10.5 -1.3233464533577103e-05)
(11.0 8.001987297805835e-07)
(11.5 -1.3139041256541764e-05)
(12.0 7.06410764785928e-07)
(12.5 -1.3045884328991508e-05)
(13.0 6.138806288447253e-07)
(13.5 -1.2953976767391456e-05)
(14.0 5.225914526931272e-07)
(14.5 -1.2863301815979922e-05)
(15.0 4.3252659330793475e-07)
(15.5 -1.2773842943713652e-05)
(16.0 3.436696308723821e-07)
(16.5 -1.2685583841254009e-05)
(17.0 2.560043657826434e-07)
(17.5 -1.2598508417993634e-05)
(18.0 1.6951481569444789e-07)
(18.5 -1.2512600799122929e-05)
(19.0 8.418521260934559e-08)
(19.5 -1.2427845322735909e-05)
(20.0 0.0))