((-50.0 2.55)
(-49.0 2.5500000015270206)
(-48.0 2.5500000000843426)
(-47.0 2.5500000014471853)
(-46.0 2.5500000001599177)
(-45.0 2.5500000013756363)
(-44.0 2.550000000227662)
(-43.0 2.5500000013114867)
(-42.0 2.550000000288415)
(-41.0 2.550000001253943)
(-40.0 2.5500000003429273)
(-39.0 2.5500000012022936)
(-38.0 2.5500000003918726)
(-37.0 2.5500000011559014)
(-36.0 2.5500000004358547)
(-35.0 2.5500000011141943)
(-34.0 2.550000000475415)
(-33.0 2.5500000010766595)
(-32.0 2.550000000511039)
(-31.0 2.5500000010428368)
(-30.0 2.5500000005431636)
(-29.0 2.5500000010123127)
(-28.0 2.5500000005721803)
(-27.0 2.5500000009847157)
(-26.0 2.550000000598442)
(-25.0 2.55000000095971)
(-24.0 2.550000000622266)
(-23.0 2.550000000936995)
(-22.0 2.55000000064394)
(-21.0 2.550000000916298)
(-20.0 2.550000000663722)
(-19.0 2.5500000008973727)
(-18.0 2.550000000681846)
(-17.0 2.5500000008799963)
(-16.0 2.550000000698526)
(-15.0 2.550000000863965)
(-14.0 2.5500000007139545)
(-13.0 2.550000000849095)
(-12.0 2.550000000728309)
(-11.0 2.5500000008352153)
(-10.0 2.550000000741754)
(-9.0 2.5500000008221555)
(-8.0 2.550000000754543)
(-7.0 2.550000000809096)
(-6.0 2.5500000007711767)
(-5.0 2.5500000007677235)
(-4.0 2.5500000009738373)
(-3.0 2.549999999521896)
(-2.75 2.5499999855967728)
(-2.5 2.549999911638854)
(-2.375 2.5499997595634785)
(-2.25 2.5499994442709473)
(-2.125 2.549998676574691)
(-2.0625 2.549997881241831)
(-2.0 2.549996778870612)
(-1.9375 2.5499950449398106)
(-1.875 2.5499923972225558)
(-1.8125 2.54998833184599)
(-1.78125 2.549985400357344)
(-1.75 2.549981929276845)
(-1.71875 2.549977616532138)
(-1.6875 2.5499722758561068)
(-1.65625 2.5499656609560732)
(-1.625 2.5499574672907235)
(-1.59375 2.5499473213589026)
(-1.578125 2.5499412627892424)
(-1.5625 2.5499346047114457)
(-1.546875 2.5499272155687756)
(-1.53125 2.5499189972398293)
(-1.515625 2.54990985235393)
(-1.5 2.5498996754803938)
(-1.484375 2.5498883503765177)
(-1.4765625 2.5498821811469217)
(-1.46875 2.54987568957642)
(-1.453125 2.549861706469297)
(-1.4453125 2.5498540725927583)
(-1.4375 2.549846036767111)
(-1.4296875 2.549837568771845)
(-1.421875 2.549828640536181)
(-1.4140625 2.5498192244770705)
(-1.40625 2.549809292576828)
(-1.3984375 2.5497988158535545)
(-1.390625 2.549787764038979)
(-1.3828125 2.5497761053646357)
(-1.375 2.5497638064034125)
(-1.3671875 2.5497508319381086)
(-1.359375 2.5497371448417523)
(-1.3515625 2.549722705961438)
(-1.34375 2.5497074740011274)
(-1.3359375 2.549691405400867)
(-1.328125 2.549674454210873)
(-1.3203125 2.5496565719595163)
(-1.3125 2.549637707514489)
(-1.3046875 2.5496178069365993)
(-1.296875 2.549596813325694)
(-1.2890625 2.5495746666582666)
(-1.28125 2.5495513036163313)
(-1.2734375 2.5495266574072364)
(-1.265625 2.549500657574258)
(-1.2578125 2.5494732297982154)
(-1.25 2.5494442956912615)
(-1.2421875 2.549413772585975)
(-1.234375 2.549381573327255)
(-1.2265625 2.549347606084039)
(-1.22265625 2.5493298998334386)
(-1.21875 2.5493117216648837)
(-1.21484375 2.549293056720479)
(-1.2109375 2.549273890285271)
(-1.20703125 2.5492542076441906)
(-1.203125 2.5492339939728024)
(-1.1953125 2.5491919756160955)
(-1.19140625 2.5491700621234568)
(-1.1875 2.5491475604328904)
(-1.18359375 2.549124453174668)
(-1.1796875 2.549100722891205)
(-1.17578125 2.5490763519335395)
(-1.171875 2.5490513223817537)
(-1.16796875 2.5490256159829268)
(-1.1640625 2.548999214101893)
(-1.16015625 2.5489720976813275)
(-1.15625 2.548944247208592)
(-1.15234375 2.548915642687448)
(-1.1484375 2.548886263613253)
(-1.14453125 2.5488560889505956)
(-1.140625 2.5488250971126307)
(-1.13671875 2.548793265941534)
(-1.1328125 2.5487605726896714)
(-1.12890625 2.5487269940011736)
(-1.125 2.548692505893678)
(-1.12109375 2.548657083740075)
(-1.1171875 2.5486207022501217)
(-1.11328125 2.5485833354518297)
(-1.109375 2.548544956672541)
(-1.10546875 2.5485055385196436)
(-1.1015625 2.5484650528608745)
(-1.09765625 2.5484234708041664)
(-1.09375 2.548380762677015)
(-1.08984375 2.548336898005331)
(-1.0859375 2.548291845491757)
(-1.08203125 2.548245572993427)
(-1.078125 2.548198047499142)
(-1.07421875 2.5481492351059525)
(-1.0703125 2.548099100995117)
(-1.06640625 2.5480476094074285)
(-1.0625 2.5479947236178817)
(-1.05859375 2.547940405909669)
(-1.0546875 2.5478846175474845)
(-1.05078125 2.547827318750112)
(-1.046875 2.547768468662289)
(-1.04296875 2.5477080253258153)
(-1.0390625 2.5476459456498937)
(-1.03515625 2.5475821853806804)
(-1.03125 2.547516699070023)
(-1.02734375 2.5474494400433674)
(-1.0234375 2.5473803603668066)
(-1.01953125 2.5473094108132592)
(-1.015625 2.5472365408277415)
(-1.01171875 2.547161698491722)
(-1.0078125 2.5470848304865252)
(-1.00390625 2.547005882055768)
(-1.0 2.5469247969667976)
(-0.99609375 2.5468415174711123)
(-0.9921875 2.5467559842637324)
(-0.98828125 2.546668136441504)
(-0.984375 2.5465779114603047)
(-0.98046875 2.54648524509113)
(-0.9765625 2.546390071375036)
(-0.97265625 2.546292322576916)
(-0.96875 2.5461919291380997)
(-0.96484375 2.54608881962775)
(-0.9609375 2.5459829206930684)
(-0.95703125 2.545874157008299)
(-0.953125 2.5457624512225725)
(-0.94921875 2.54564772390662)
(-0.9453125 2.5455298934984656)
(-0.94140625 2.5454088762482177)
(-0.9375 2.5452845861622)
(-0.93359375 2.545156934946743)
(-0.9296875 2.5450258319521577)
(-0.92578125 2.544891184117641)
(-0.923828125 2.544822470448528)
(-0.921875 2.544752838370706)
(-0.919921875 2.5446822749626037)
(-0.91796875 2.5446107672178626)
(-0.916015625 2.544538302031819)
(-0.9140625 2.5444648661895592)
(-0.912109375 2.5443904463553313)
(-0.91015625 2.5443150290631036)
(-0.908203125 2.544238600708117)
(-0.90625 2.5441611475392767)
(-0.904296875 2.5440826556522627)
(-0.90234375 2.5440031109832555)
(-0.900390625 2.5439224993031817)
(-0.8984375 2.5438408062124007)
(-0.896484375 2.5437580171357705)
(-0.89453125 2.543674117318029)
(-0.892578125 2.5435890918194395)
(-0.890625 2.5435029255116683)
(-0.888671875 2.5434156030738424)
(-0.88671875 2.5433271089887683)
(-0.884765625 2.5432374275392773)
(-0.8828125 2.5431465428046764)
(-0.880859375 2.5430544386572858)
(-0.87890625 2.542961098759041)
(-0.876953125 2.5428665065581515)
(-0.875 2.5427706452857954)
(-0.873046875 2.542673497952846)
(-0.87109375 2.542575047346613)
(-0.869140625 2.542475276027601)
(-0.8671875 2.542374166326263)
(-0.865234375 2.542271700339757)
(-0.86328125 2.5421678599286923)
(-0.861328125 2.542062626713862)
(-0.859375 2.5419559820729596)
(-0.857421875 2.5418479071372713)
(-0.85546875 2.5417383827883504)
(-0.853515625 2.5416273896546575)
(-0.8515625 2.541514908108177)
(-0.849609375 2.5414009182609973)
(-0.84765625 2.5412853999618634)
(-0.845703125 2.541168332792686)
(-0.84375 2.5410496960650235)
(-0.841796875 2.540929468816515)
(-0.83984375 2.5408076298072837)
(-0.837890625 2.540684157516291)
(-0.8359375 2.540559030137655)
(-0.833984375 2.5404322255769234)
(-0.83203125 2.5403037214473008)
(-0.830078125 2.5401734950658343)
(-0.828125 2.5400415234495517)
(-0.826171875 2.539907783311553)
(-0.82421875 2.5397722510570553)
(-0.822265625 2.539634902779391)
(-0.8203125 2.539495714255953)
(-0.818359375 2.5393546609440953)
(-0.81640625 2.53921171797698)
(-0.814453125 2.539066860159375)
(-0.8125 2.5389200619634007)
(-0.810546875 2.538771297524223)
(-0.80859375 2.5386205406356943)
(-0.806640625 2.5384677647459406)
(-0.8046875 2.5383129429528952)
(-0.802734375 2.5381560479997787)
(-0.80078125 2.537997052270519)
(-0.798828125 2.5378359277851215)
(-0.796875 2.5376726461949777)
(-0.794921875 2.537507178778119)
(-0.79296875 2.5373394964344143)
(-0.791015625 2.537169569680701)
(-0.7890625 2.536997368645869)
(-0.787109375 2.536822863065874)
(-0.78515625 2.5366460222786955)
(-0.783203125 2.536466815219236)
(-0.78125 2.53628521041415)
(-0.779296875 2.5361011759766203)
(-0.77734375 2.535914679601065)
(-0.775390625 2.5357256885577826)
(-0.7734375 2.5355341696875326)
(-0.771484375 2.5353400893960543)
(-0.76953125 2.535143413648512)
(-0.767578125 2.534944107963885)
(-0.765625 2.534742137409279)
(-0.763671875 2.5345374665941827)
(-0.76171875 2.534330059664643)
(-0.759765625 2.534119880297384)
(-0.7578125 2.533906891693848)
(-0.755859375 2.533691056574171)
(-0.75390625 2.533472337171087)
(-0.751953125 2.533250695223764)
(-0.75 2.5330260919715637)
(-0.748046875 2.5327984881477343)
(-0.74609375 2.5325678439730313)
(-0.744140625 2.5323341191492643)
(-0.7421875 2.5320972728527735)
(-0.740234375 2.5318572637278347)
(-0.73828125 2.531614049879989)
(-0.736328125 2.5313675888693066)
(-0.734375 2.531117837703575)
(-0.732421875 2.53086475283142)
(-0.73046875 2.5306082901353557)
(-0.728515625 2.5303484049247675)
(-0.7265625 2.530085051928832)
(-0.724609375 2.5298181852893706)
(-0.72265625 2.5295477585536443)
(-0.720703125 2.529273724667093)
(-0.71875 2.5289960359660237)
(-0.716796875 2.528714644170253)
(-0.71484375 2.528429500375713)
(-0.712890625 2.528140555047026)
(-0.7109375 2.5278477580100662)
(-0.7099609375 2.527699882268119)
(-0.708984375 2.5275510255980977)
(-0.7080078125 2.5274011814583788)
(-0.70703125 2.5272503432719526)
(-0.7060546875 2.527098504425714)
(-0.705078125 2.526945658269783)
(-0.7041015625 2.5267917981168555)
(-0.703125 2.5266369172415826)
(-0.7021484375 2.5264810088799745)
(-0.701171875 2.526324066228826)
(-0.7001953125 2.5261660824451653)
(-0.69921875 2.526007050645721)
(-0.6982421875 2.5258469639064076)
(-0.697265625 2.5256858152618302)
(-0.6962890625 2.5255235977047996)
(-0.6953125 2.525360304185866)
(-0.6943359375 2.525195927612863)
(-0.693359375 2.525030460850466)
(-0.6923828125 2.5248638967197565)
(-0.69140625 2.5246962279978047)
(-0.6904296875 2.5245274474172517)
(-0.689453125 2.5243575476659093)
(-0.6884765625 2.5241865213863584)
(-0.6875 2.524014361175563)
(-0.6865234375 2.5238410595844836)
(-0.685546875 2.5236666091177007)
(-0.6845703125 2.5234910022330417)
(-0.68359375 2.5233142313412125)
(-0.6826171875 2.523136288805435)
(-0.681640625 2.522957166941086)
(-0.6806640625 2.5227768580153405)
(-0.6796875 2.5225953542468194)
(-0.6787109375 2.522412647805238)
(-0.677734375 2.5222287308110585)
(-0.6767578125 2.5220435953351434)
(-0.67578125 2.5218572333984106)
(-0.6748046875 2.5216696369714917)
(-0.673828125 2.52148079797439)
(-0.6728515625 2.5212907082761404)
(-0.671875 2.52109935969447)
(-0.6708984375 2.5209067439954604)
(-0.669921875 2.5207128528932086)
(-0.6689453125 2.5205176780494885)
(-0.66796875 2.520321211073416)
(-0.6669921875 2.5201234435211113)
(-0.666015625 2.5199243668953595)
(-0.6650390625 2.5197239726452754)
(-0.6640625 2.5195222521659644)
(-0.6630859375 2.519319196798186)
(-0.662109375 2.519114797828015)
(-0.6611328125 2.518909046486501)
(-0.66015625 2.5187019339493317)
(-0.6591796875 2.51849345133649)
(-0.658203125 2.518283589711913)
(-0.6572265625 2.518072340083153)
(-0.65625 2.517859693401032)
(-0.6552734375 2.5176456405593)
(-0.654296875 2.5174301723942873)
(-0.6533203125 2.517213279684562)
(-0.65234375 2.5169949531505815)
(-0.6513671875 2.516775183454345)
(-0.650390625 2.516553961199044)
(-0.6494140625 2.516331276928712)
(-0.6484375 2.516107121127874)
(-0.6474609375 2.51588148422119)
(-0.646484375 2.515654356573106)
(-0.6455078125 2.5154257284874944)
(-0.64453125 2.515195590207299)
(-0.6435546875 2.514963931914175)
(-0.642578125 2.5147307437281317)
(-0.6416015625 2.5144960157071683)
(-0.640625 2.5142597378469147)
(-0.6396484375 2.514021900080264)
(-0.638671875 2.51378249227701)
(-0.6376953125 2.5135415042434768)
(-0.63671875 2.513298925722154)
(-0.6357421875 2.513054746391323)
(-0.634765625 2.5128089558646884)
(-0.6337890625 2.5125615436910027)
(-0.6328125 2.5123124993536914)
(-0.6318359375 2.5120618122704794)
(-0.630859375 2.5118094717930095)
(-0.6298828125 2.511555467206465)
(-0.62890625 2.5112997877291887)
(-0.6279296875 2.511042422512299)
(-0.626953125 2.510783360639307)
(-0.6259765625 2.5105225911257296)
(-0.625 2.5102601029187026)
(-0.6240234375 2.5099958848965906)
(-0.623046875 2.509729925868598)
(-0.6220703125 2.509462214574375)
(-0.62109375 2.509192739683624)
(-0.6201171875 2.5089214897957057)
(-0.619140625 2.508648453439238)
(-0.6181640625 2.5083736190717016)
(-0.6171875 2.5080969750790363)
(-0.6162109375 2.50781850977524)
(-0.615234375 2.5075382114019655)
(-0.6142578125 2.5072560681281137)
(-0.61328125 2.5069720680494285)
(-0.6123046875 2.5066861991880853)
(-0.611328125 2.5063984494922837)
(-0.6103515625 2.506108806835834)
(-0.609375 2.5058172590177437)
(-0.6083984375 2.505523793761802)
(-0.607421875 2.5052283987161648)
(-0.6064453125 2.504931061452934)
(-0.60546875 2.5046317694677387)
(-0.6044921875 2.5043305101793134)
(-0.603515625 2.5040272709290754)
(-0.6025390625 2.5037220389806984)
(-0.6015625 2.503414801519687)
(-0.6005859375 2.5031055456529483)
(-0.599609375 2.5027942584083633)
(-0.5986328125 2.5024809267343544)
(-0.59765625 2.5021655374994527)
(-0.5966796875 2.501848077491865)
(-0.595703125 2.5015285334190365)
(-0.5947265625 2.501206891907213)
(-0.59375 2.5008831395010027)
(-0.5927734375 2.5005572626629364)
(-0.591796875 2.500229247773023)
(-0.5908203125 2.499899081128308)
(-0.58984375 2.499566748942428)
(-0.5888671875 2.4992322373451614)
(-0.587890625 2.498895532381985)
(-0.5869140625 2.4985566200136184)
(-0.5859375 2.498215486115579)
(-0.5849609375 2.4978721164777244)
(-0.583984375 2.4975264968038)
(-0.5830078125 2.4971786127109845)
(-0.58203125 2.4968284497294313)
(-0.5810546875 2.4964759933018095)
(-0.580078125 2.496121228782847)
(-0.5791015625 2.495764141438865)
(-0.578125 2.4954047164473185)
(-0.5771484375 2.495042938896331)
(-0.576171875 2.494678793784229)
(-0.5751953125 2.494312266019075)
(-0.57421875 2.4939433404181997)
(-0.5732421875 2.4935720017077316)
(-0.572265625 2.493198234522128)
(-0.5712890625 2.4928220234036997)
(-0.5703125 2.492443352802141)
(-0.5693359375 2.4920622070740523)
(-0.568359375 2.491678570482467)
(-0.5673828125 2.4912924271963695)
(-0.56640625 2.490903761290222)
(-0.5654296875 2.4905125567434814)
(-0.564453125 2.49011879744012)
(-0.5634765625 2.489722467168143)
(-0.5625 2.489323549619105)
(-0.5615234375 2.4889220283876266)
(-0.560546875 2.4885178869709077)
(-0.5595703125 2.4881111087682424)
(-0.55859375 2.4877016770805302)
(-0.5576171875 2.4872895751097883)
(-0.556640625 2.4868747859586615)
(-0.5556640625 2.4864572926299315)
(-0.5546875 2.486037078026026)
(-0.5537109375 2.4856141249485253)
(-0.552734375 2.485188416097669)
(-0.5517578125 2.4847599340718616)
(-0.55078125 2.4843286613671776)
(-0.5498046875 2.483894580376865)
(-0.548828125 2.483457673390849)
(-0.5478515625 2.483017922595233)
(-0.546875 2.482575310071802)
(-0.5458984375 2.4821298177975217)
(-0.544921875 2.481681427644039)
(-0.5439453125 2.481230121377182)
(-0.54296875 2.4807758806564597)
(-0.5419921875 2.4803186870345564)
(-0.541015625 2.4798585219568343)
(-0.5400390625 2.4793953667608273)
(-0.5390625 2.4789292026757392)
(-0.5380859375 2.478460010821939)
(-0.537109375 2.4779877722104566)
(-0.5361328125 2.4775124677424802)
(-0.53515625 2.4770340782088485)
(-0.5341796875 2.4765525842895477)
(-0.533203125 2.476067966553205)
(-0.5322265625 2.475580205456584)
(-0.53125 2.475089281344078)
(-0.5302734375 2.474595174447205)
(-0.529296875 2.474097864884102)
(-0.5283203125 2.473597332659018)
(-0.52734375 2.47309355766181)
(-0.5263671875 2.4725865196674364)
(-0.525390625 2.472076198335453)
(-0.5244140625 2.4715625732095066)
(-0.5234375 2.471045623716831)
(-0.5224609375 2.4705253291677427)
(-0.521484375 2.4700016687551387)
(-0.5205078125 2.4694746215539913)
(-0.51953125 2.468944166520847)
(-0.5185546875 2.4684102824933243)
(-0.517578125 2.467872948189615)
(-0.5166015625 2.4673321422079817)
(-0.515625 2.4667878430262613)
(-0.5146484375 2.4662400290013666)
(-0.513671875 2.4656886783687915)
(-0.5126953125 2.465133769242115)
(-0.51171875 2.464575279612509)
(-0.5107421875 2.464013187348248)
(-0.509765625 2.4634474701942186)
(-0.5087890625 2.4628781057714324)
(-0.50830078125 2.462592040694916)
(-0.5078125 2.4623050556242965)
(-0.50732421875 2.462017147716408)
(-0.5068359375 2.4617283141206303)
(-0.50634765625 2.4614385519788575)
(-0.505859375 2.4611478584254676)
(-0.50537109375 2.460856230587294)
(-0.5048828125 2.460563665583597)
(-0.50439453125 2.460270160526037)
(-0.50390625 2.459975712518643)
(-0.50341796875 2.4596803186577914)
(-0.5029296875 2.459383976032175)
(-0.50244140625 2.459086681722777)
(-0.501953125 2.4587884328028484)
(-0.50146484375 2.4584892263378797)
(-0.5009765625 2.4581890593855764)
(-0.50048828125 2.4578879289958353)
(-0.5 2.45758583221072)
(-0.49951171875 2.457282766064437)
(-0.4990234375 2.4569787275833117)
(-0.49853515625 2.4566737137857664)
(-0.498046875 2.456367721682296)
(-0.49755859375 2.456060748275446)
(-0.4970703125 2.455752790559791)
(-0.49658203125 2.4554438455219123)
(-0.49609375 2.4551339101403755)
(-0.49560546875 2.45482298138571)
(-0.4951171875 2.454511056220387)
(-0.49462890625 2.4541981315988006)
(-0.494140625 2.4538842044672444)
(-0.49365234375 2.4535692717638926)
(-0.4931640625 2.4532533304187796)
(-0.49267578125 2.4529363773537813)
(-0.4921875 2.4526184094825934)
(-0.49169921875 2.4522994237107127)
(-0.4912109375 2.451979416935418)
(-0.49072265625 2.4516583860457506)
(-0.490234375 2.451336327922496)
(-0.48974609375 2.4510132394381654)
(-0.4892578125 2.4506891174569754)
(-0.48876953125 2.4503639588348327)
(-0.48828125 2.450037760419312)
(-0.48779296875 2.449710519049642)
(-0.4873046875 2.4493822315566844)
(-0.48681640625 2.4490528947629193)
(-0.486328125 2.448722505482424)
(-0.48583984375 2.448391060520859)
(-0.4853515625 2.448058556675449)
(-0.48486328125 2.447724990734966)
(-0.484375 2.447390359479713)
(-0.48388671875 2.4470546596815077)
(-0.4833984375 2.446717888103664)
(-0.48291015625 2.446380041500977)
(-0.482421875 2.4460411166197056)
(-0.48193359375 2.4457011101975583)
(-0.4814453125 2.445360018963675)
(-0.48095703125 2.4450178396386115)
(-0.48046875 2.444674568934325)
(-0.47998046875 2.4443302035541556)
(-0.4794921875 2.443984740192814)
(-0.47900390625 2.4436381755363636)
(-0.478515625 2.4432905062622066)
(-0.47802734375 2.442941729039067)
(-0.4775390625 2.4425918405269775)
(-0.47705078125 2.442240837377263)
(-0.4765625 2.441888716232527)
(-0.47607421875 2.441535473726635)
(-0.4755859375 2.441181106484701)
(-0.47509765625 2.440825611123073)
(-0.474609375 2.440468984249318)
(-0.47412109375 2.440111222462208)
(-0.4736328125 2.4397523223517057)
(-0.47314453125 2.439392280498949)
(-0.47265625 2.439031093476239)
(-0.47216796875 2.4386687578470254)
(-0.4716796875 2.4383052701658916)
(-0.47119140625 2.4379406269785413)
(-0.470703125 2.437574824821786)
(-0.47021484375 2.4372078602235305)
(-0.4697265625 2.4368397297027586)
(-0.46923828125 2.4364704297695217)
(-0.46875 2.4360999569249233)
(-0.46826171875 2.4357283076611074)
(-0.4677734375 2.4353554784612457)
(-0.46728515625 2.434981465799523)
(-0.466796875 2.4346062661411247)
(-0.46630859375 2.4342298759422256)
(-0.4658203125 2.4338522916499756)
(-0.46533203125 2.433473509702487)
(-0.46484375 2.433093526528823)
(-0.46435546875 2.4327123385489857)
(-0.4638671875 2.4323299421739013)
(-0.46337890625 2.431946333805411)
(-0.462890625 2.4315615098362557)
(-0.46240234375 2.4311754666500676)
(-0.4619140625 2.4307882006213557)
(-0.46142578125 2.430399708115494)
(-0.4609375 2.4300099854887116)
(-0.46044921875 2.4296190290880793)
(-0.4599609375 2.429226835251498)
(-0.45947265625 2.42883340030769)
(-0.458984375 2.428438720576184)
(-0.45849609375 2.428042792367306)
(-0.4580078125 2.4276456119821685)
(-0.45751953125 2.427247175712658)
(-0.45703125 2.4268474798414252)
(-0.45654296875 2.4264465206418744)
(-0.4560546875 2.426044294378151)
(-0.45556640625 2.4256407973051335)
(-0.455078125 2.425236025668421)
(-0.45458984375 2.4248299757043243)
(-0.4541015625 2.4244226436398546)
(-0.45361328125 2.424014025692713)
(-0.453125 2.4236041180712817)
(-0.45263671875 2.423192916974614)
(-0.4521484375 2.422780418592423)
(-0.45166015625 2.4223666191050732)
(-0.451171875 2.421951514683571)
(-0.45068359375 2.421535101489553)
(-0.4501953125 2.4211173756752817)
(-0.44970703125 2.42069833338363)
(-0.44921875 2.420277970748075)
(-0.44873046875 2.419856283892691)
(-0.4482421875 2.419433268932137)
(-0.44775390625 2.41900892197165)
(-0.447265625 2.4185832391070354)
(-0.44677734375 2.4181562164246597)
(-0.4462890625 2.41772785000144)
(-0.44580078125 2.4172981359048378)
(-0.4453125 2.4168670701928496)
(-0.44482421875 2.4164346489139996)
(-0.4443359375 2.416000868107331)
(-0.44384765625 2.4155657238023984)
(-0.443359375 2.4151292120192616)
(-0.44287109375 2.4146913287684746)
(-0.4423828125 2.414252070051082)
(-0.44189453125 2.41381143185861)
(-0.44140625 2.413369410173059)
(-0.44091796875 2.412926000966897)
(-0.4404296875 2.4124812002030525)
(-0.43994140625 2.4120350038349083)
(-0.439453125 2.411587407806295)
(-0.43896484375 2.4111384080514826)
(-0.4384765625 2.410688000495178)
(-0.43798828125 2.410236181052514)
(-0.4375 2.4097829456290487)
(-0.43701171875 2.4093282901207536)
(-0.4365234375 2.4088722104140134)
(-0.43603515625 2.4084147023856173)
(-0.435546875 2.4079557619027536)
(-0.43505859375 2.4074953848230063)
(-0.4345703125 2.407033566994348)
(-0.43408203125 2.4065703042551356)
(-0.43359375 2.4061055924341064)
(-0.43310546875 2.4056394273503714)
(-0.4326171875 2.405171804813413)
(-0.43212890625 2.4047027206230798)
(-0.431640625 2.4042321705695806)
(-0.43115234375 2.403760150433484)
(-0.4306640625 2.4032866559857116)
(-0.43017578125 2.4028116829875352)
(-0.4296875 2.402335227190574)
(-0.42919921875 2.4018572843367894)
(-0.4287109375 2.4013778501584833)
(-0.42822265625 2.400896920378296)
(-0.427734375 2.400414490709201)
(-0.42724609375 2.3999305568545024)
(-0.4267578125 2.3994451145078357)
(-0.42626953125 2.3989581593531617)
(-0.42578125 2.3984696870647664)
(-0.42529296875 2.3979796933072577)
(-0.4248046875 2.3974881737355647)
(-0.42431640625 2.396995123994937)
(-0.423828125 2.39650053972094)
(-0.42333984375 2.396004416539458)
(-0.4228515625 2.395506750066689)
(-0.42236328125 2.3950075359091465)
(-0.421875 2.3945067696636584)
(-0.42138671875 2.3940044469173665)
(-0.4208984375 2.393500563247725)
(-0.42041015625 2.392995114222502)
(-0.419921875 2.3924880953997802)
(-0.41943359375 2.391979502327954)
(-0.4189453125 2.3914693305457337)
(-0.41845703125 2.390957575582145)
(-0.41796875 2.3904442329565274)
(-0.41748046875 2.389929298178541)
(-0.4169921875 2.3894127667481615)
(-0.41650390625 2.3888946341556867)
(-0.416015625 2.388374895881736)
(-0.41552734375 2.387853547397252)
(-0.4150390625 2.387330584163505)
(-0.41455078125 2.386806001632093)
(-0.4140625 2.386279795244946)
(-0.41357421875 2.385751960434327)
(-0.4130859375 2.3852224926228387)
(-0.41259765625 2.3846913872234223)
(-0.412109375 2.3841586396393653)
(-0.41162109375 2.383624245264302)
(-0.4111328125 2.38308819948222)
(-0.41064453125 2.382550497667462)
(-0.41015625 2.382011135184734)
(-0.40966796875 2.381470107389106)
(-0.4091796875 2.380927409626019)
(-0.40869140625 2.3803830372312915)
(-0.408203125 2.3798369855311226)
(-0.40771484375 2.3792892498420977)
(-0.4072265625 2.378739825471198)
(-0.40673828125 2.3781887077158026)
(-0.40625 2.377635891863697)
(-0.40576171875 2.37708137319308)
(-0.4052734375 2.3765251469725697)
(-0.40478515625 2.375967208461212)
(-0.404296875 2.375407552908487)
(-0.40380859375 2.374846175554318)
(-0.4033203125 2.3742830716290784)
(-0.40283203125 2.373718236353601)
(-0.40234375 2.3731516649391855)
(-0.40185546875 2.3725833525876086)
(-0.4013671875 2.372013294491133)
(-0.40087890625 2.371441485832517)
(-0.400390625 2.3708679217850213)
(-0.39990234375 2.3702925975124245)
(-0.3994140625 2.3697155081690284)
(-0.39892578125 2.369136648899672)
(-0.3984375 2.36855601483974)
(-0.39794921875 2.367973601115175)
(-0.3974609375 2.36738940284249)
(-0.39697265625 2.366803415128778)
(-0.396484375 2.3662156330717257)
(-0.39599609375 2.3656260517596253)
(-0.3955078125 2.3650346662713875)
(-0.39501953125 2.3644414716765536)
(-0.39453125 2.36384646303531)
(-0.39404296875 2.3632496353985015)
(-0.3935546875 2.362650983807645)
(-0.39306640625 2.362050503294943)
(-0.392578125 2.3614481888832994)
(-0.39208984375 2.360844035586334)
(-0.3916015625 2.360238038408398)
(-0.39111328125 2.3596301923445884)
(-0.390625 2.3590204923807656)
(-0.39013671875 2.3584089334935676)
(-0.3896484375 2.357795510650429)
(-0.38916015625 2.357180218809595)
(-0.388671875 2.356563052920141)
(-0.38818359375 2.35594400792199)
(-0.3876953125 2.355323078745929)
(-0.38720703125 2.3547002603136282)
(-0.38671875 2.354075547537659)
(-0.38623046875 2.3534489353215147)
(-0.3857421875 2.352820418559628)
(-0.38525390625 2.352189992137392)
(-0.384765625 2.3515576509311784)
(-0.38427734375 2.35092338980836)
(-0.3837890625 2.3502872036273312)
(-0.38330078125 2.3496490872375273)
(-0.3828125 2.349009035479448)
(-0.38232421875 2.348367043184679)
(-0.3818359375 2.3477231051759135)
(-0.38134765625 2.347077216266976)
(-0.380859375 2.3464293712628437)
(-0.38037109375 2.3457795649596718)
(-0.3798828125 2.3451277921448166)
(-0.37939453125 2.344474047596859)
(-0.37890625 2.3438183260856307)
(-0.37841796875 2.3431606223722383)
(-0.3779296875 2.342500931209088)
(-0.37744140625 2.3418392473399128)
(-0.376953125 2.341175565499799)
(-0.37646484375 2.3405098804152114)
(-0.3759765625 2.339842186804021)
(-0.37548828125 2.3391724793755335)
(-0.375 2.3385007528305155)
(-0.37451171875 2.3378270018612244)
(-0.3740234375 2.3371512211514367)
(-0.37353515625 2.336473405376477)
(-0.373046875 2.335793549203247)
(-0.37255859375 2.335111647290258)
(-0.3720703125 2.3344276942876587)
(-0.37158203125 2.3337416848372676)
(-0.37109375 2.333053613572604)
(-0.37060546875 2.3323634751189206)
(-0.3701171875 2.3316712640932353)
(-0.36962890625 2.330976975104363)
(-0.369140625 2.3302806027529517)
(-0.36865234375 2.329582141631513)
(-0.3681640625 2.3288815863244583)
(-0.36767578125 2.3281789314081323)
(-0.3671875 2.32747417145085)
(-0.36669921875 2.32676730101293)
(-0.3662109375 2.3260583146467324)
(-0.36572265625 2.325347206896694)
(-0.365234375 2.3246339722993663)
(-0.36474609375 2.323918605383454)
(-0.3642578125 2.32320110066985)
(-0.36376953125 2.3224814526716773)
(-0.36328125 2.3217596558943256)
(-0.36279296875 2.3210357048354937)
(-0.3623046875 2.320309593985226)
(-0.36181640625 2.319581317825956)
(-0.361328125 2.318850870832546)
(-0.36083984375 2.318118247472329)
(-0.3603515625 2.317383442205151)
(-0.35986328125 2.316646449483415)
(-0.359375 2.3159072637521207)
(-0.35888671875 2.315165879448912)
(-0.3583984375 2.314422291004119)
(-0.35791015625 2.3136764928408047)
(-0.357421875 2.312928479374808)
(-0.35693359375 2.3121782450147923)
(-0.3564453125 2.311425784162289)
(-0.35595703125 2.310671091211748)
(-0.35546875 2.3099141605505826)
(-0.35498046875 2.3091549865592187)
(-0.3544921875 2.3083935636111432)
(-0.35400390625 2.3076298860729545)
(-0.353515625 2.306863948304411)
(-0.35302734375 2.3060957446584816)
(-0.3525390625 2.3053252694813984)
(-0.35205078125 2.3045525171127066)
(-0.3515625 2.3037774818853167)
(-0.35107421875 2.3030001581255597)
(-0.3505859375 2.302220540153238)
(-0.35009765625 2.3014386222816796)
(-0.349609375 2.3006543988177954)
(-0.34912109375 2.299867864062131)
(-0.3486328125 2.299079012308925)
(-0.34814453125 2.298287837846164)
(-0.34765625 2.2974943349556427)
(-0.34716796875 2.2966984979130163)
(-0.3466796875 2.2959003209878643)
(-0.34619140625 2.2950997984437467)
(-0.345703125 2.2942969245382643)
(-0.34521484375 2.293491693523119)
(-0.3447265625 2.2926840996441755)
(-0.34423828125 2.291874137141522)
(-0.34375 2.291061800249532)
(-0.34326171875 2.2902470831969297)
(-0.3427734375 2.2894299802068505)
(-0.34228515625 2.288610485496908)
(-0.341796875 2.287788593279257)
(-0.34130859375 2.286964297760661)
(-0.3408203125 2.286137593142556)
(-0.34033203125 2.285308473621121)
(-0.33984375 2.2844769333873427)
(-0.33935546875 2.2836429666270854)
(-0.3388671875 2.2828065675211597)
(-0.33837890625 2.281967730245393)
(-0.337890625 2.2811264489706984)
(-0.33740234375 2.2802827178631486)
(-0.3369140625 2.279436531084045)
(-0.33642578125 2.2785878827899935)
(-0.3359375 2.2777367671329745)
(-0.33544921875 2.2768831782604204)
(-0.3349609375 2.2760271103152876)
(-0.33447265625 2.2751685574361353)
(-0.333984375 2.2743075137571993)
(-0.33349609375 2.2734439734084697)
(-0.3330078125 2.27257793051577)
(-0.33251953125 2.2717093792008343)
(-0.33203125 2.2708383135813883)
(-0.33154296875 2.2699647277712285)
(-0.3310546875 2.269088615880303)
(-0.33056640625 2.268209972014795)
(-0.330078125 2.267328790277202)
(-0.32958984375 2.2664450647664234)
(-0.3291015625 2.2655587895778413)
(-0.32861328125 2.2646699588034074)
(-0.328125 2.263778566531728)
(-0.32763671875 2.262884606848151)
(-0.3271484375 2.2619880738348517)
(-0.32666015625 2.261088961570924)
(-0.326171875 2.260187264132467)
(-0.32568359375 2.2592829755926758)
(-0.3251953125 2.2583760900219323)
(-0.32470703125 2.2574666014878955)
(-0.32421875 2.2565545040555968)
(-0.32373046875 2.2556397917875297)
(-0.3232421875 2.2547224587437467)
(-0.32275390625 2.2538024989819525)
(-0.322265625 2.2528799065576006)
(-0.32177734375 2.2519546755239905)
(-0.3212890625 2.251026799932364)
(-0.32080078125 2.2500962738320043)
(-0.3203125 2.2491630912703355)
(-0.31982421875 2.2482272462930237)
(-0.3193359375 2.247288732944076)
(-0.31884765625 2.2463475452659436)
(-0.318359375 2.2454036772996253)
(-0.31787109375 2.2444571230847714)
(-0.3173828125 2.2435078766597867)
(-0.31689453125 2.242555932061938)
(-0.31640625 2.241601283327461)
(-0.31591796875 2.240643924491665)
(-0.3154296875 2.2396838495890456)
(-0.31494140625 2.2387210526533905)
(-0.314453125 2.2377555277178915)
(-0.31396484375 2.2367872688152564)
(-0.3134765625 2.235816269977819)
(-0.31298828125 2.2348425252376556)
(-0.3125 2.2338660286266965)
(-0.31201171875 2.2328867741768423)
(-0.3115234375 2.2319047559200804)
(-0.31103515625 2.230919967888601)
(-0.310546875 2.2299324041149164)
(-0.31005859375 2.2289420586319806)
(-0.3095703125 2.2279489254733074)
(-0.30908203125 2.2269529986730934)
(-0.30859375 2.22595427226634)
(-0.30810546875 2.2249527402889746)
(-0.3076171875 2.223948396777979)
(-0.30712890625 2.2229412357715095)
(-0.306640625 2.2219312513090275)
(-0.30615234375 2.2209184374314246)
(-0.3056640625 2.2199027881811517)
(-0.30517578125 2.2188842976023473)
(-0.3046875 2.2178629597409705)
(-0.30419921875 2.2168387686449296)
(-0.3037109375 2.2158117183642174)
(-0.30322265625 2.2147818029510424)
(-0.302734375 2.213749016459966)
(-0.30224609375 2.2127133529480356)
(-0.3017578125 2.2116748064749254)
(-0.30126953125 2.2106333711030706)
(-0.30078125 2.2095890408978085)
(-0.30029296875 2.2085418099275187)
(-0.2998046875 2.2074916722637647)
(-0.29931640625 2.2064386219814356)
(-0.298828125 2.20538265315889)
(-0.29833984375 2.204323759878101)
(-0.2978515625 2.203261936224802)
(-0.29736328125 2.202197176288635)
(-0.296875 2.201129474163297)
(-0.29638671875 2.2000588239466885)
(-0.2958984375 2.198985219741068)
(-0.29541015625 2.1979086556532)
(-0.294921875 2.19682912579451)
(-0.29443359375 2.1957466242812367)
(-0.2939453125 2.194661145234589)
(-0.29345703125 2.193572682780902)
(-0.29296875 2.1924812310517945)
(-0.29248046875 2.191386784184327)
(-0.2919921875 2.1902893363211633)
(-0.29150390625 2.1891888816107317)
(-0.291015625 2.1880854142073853)
(-0.29052734375 2.1869789282715693)
(-0.2900390625 2.185869417969982)
(-0.289794921875 2.185313523490078)
(-0.28955078125 2.184756870792317)
(-0.289306640625 2.184199459148241)
(-0.2890625 2.1836412878298335)
(-0.288818359375 2.1830823561095256)
(-0.28857421875 2.1825226632602)
(-0.288330078125 2.1819622085551975)
(-0.2880859375 2.1814009912683203)
(-0.287841796875 2.1808390106738385)
(-0.28759765625 2.180276266046493)
(-0.287353515625 2.179712756661503)
(-0.287109375 2.17914848179457)
(-0.286865234375 2.178583440721883)
(-0.28662109375 2.178017632720123)
(-0.286376953125 2.1774510570664694)
(-0.2861328125 2.176883713038604)
(-0.285888671875 2.1763155999147172)
(-0.28564453125 2.1757467169735123)
(-0.285400390625 2.175177063494212)
(-0.28515625 2.1746066387565626)
(-0.284912109375 2.1740354420408394)
(-0.28466796875 2.1734634726278528)
(-0.284423828125 2.172890729798953)
(-0.2841796875 2.1723172128360355)
(-0.283935546875 2.171742921021547)
(-0.28369140625 2.1711678536384906)
(-0.283447265625 2.1705920099704303)
(-0.283203125 2.1700153893014984)
(-0.282958984375 2.1694379909163986)
(-0.28271484375 2.168859814100415)
(-0.282470703125 2.1682808581394135)
(-0.2822265625 2.167701122319851)
(-0.281982421875 2.167120605928778)
(-0.28173828125 2.1665393082538476)
(-0.281494140625 2.1659572285833186)
(-0.28125 2.165374366206061)
(-0.281005859375 2.164790720411564)
(-0.28076171875 2.1642062904899397)
(-0.280517578125 2.16362107573193)
(-0.2802734375 2.163035075428912)
(-0.280029296875 2.1624482888729024)
(-0.27978515625 2.1618607153565668)
(-0.279541015625 2.1612723541732226)
(-0.279296875 2.1606832046168463)
(-0.279052734375 2.1600932659820775)
(-0.27880859375 2.159502537564228)
(-0.278564453125 2.158911018659285)
(-0.2783203125 2.158318708563919)
(-0.278076171875 2.157725606575488)
(-0.27783203125 2.1571317119920455)
(-0.277587890625 2.1565370241123447)
(-0.27734375 2.155941542235846)
(-0.277099609375 2.155345265662722)
(-0.27685546875 2.1547481936938655)
(-0.276611328125 2.154150325630893)
(-0.2763671875 2.1535516607761527)
(-0.276123046875 2.152952198432731)
(-0.27587890625 2.1523519379044576)
(-0.275634765625 2.151750878495912)
(-0.275390625 2.151149019512429)
(-0.275146484375 2.150546360260109)
(-0.27490234375 2.1499429000458186)
(-0.274658203125 2.1493386381771997)
(-0.2744140625 2.1487335739626783)
(-0.274169921875 2.1481277067114655)
(-0.27392578125 2.1475210357335697)
(-0.273681640625 2.1469135603397977)
(-0.2734375 2.146305279841766)
(-0.273193359375 2.1456961935519034)
(-0.27294921875 2.145086300783461)
(-0.272705078125 2.144475600850514)
(-0.2724609375 2.1438640930679753)
(-0.272216796875 2.1432517767515944)
(-0.27197265625 2.142638651217969)
(-0.271728515625 2.142024715784552)
(-0.271484375 2.1414099697696534)
(-0.271240234375 2.1407944124924523)
(-0.27099609375 2.140178043273001)
(-0.270751953125 2.1395608614322317)
(-0.2705078125 2.138942866291964)
(-0.270263671875 2.1383240571749123)
(-0.27001953125 2.1377044334046897)
(-0.269775390625 2.1370839943058195)
(-0.26953125 2.136462739203737)
(-0.269287109375 2.1358406674248016)
(-0.26904296875 2.135217778296298)
(-0.268798828125 2.134594071146449)
(-0.2685546875 2.1339695453044176)
(-0.268310546875 2.133344200100317)
(-0.26806640625 2.132718034865216)
(-0.267822265625 2.1320910489311475)
(-0.267578125 2.131463241631115)
(-0.267333984375 2.1308346122990978)
(-0.26708984375 2.1302051602700613)
(-0.266845703125 2.1295748848799616)
(-0.2666015625 2.128943785465755)
(-0.266357421875 2.1283118613654026)
(-0.26611328125 2.127679111917879)
(-0.265869140625 2.12704553646318)
(-0.265625 2.1264111343423284)
(-0.265380859375 2.1257759048973823)
(-0.26513671875 2.1251398474714427)
(-0.264892578125 2.12450296140866)
(-0.2646484375 2.1238652460542404)
(-0.264404296875 2.1232267007544574)
(-0.26416015625 2.122587324856654)
(-0.263916015625 2.1219471177092526)
(-0.263671875 2.1213060786617643)
(-0.263427734375 2.1206642070647925)
(-0.26318359375 2.1200215022700433)
(-0.262939453125 2.1193779636303316)
(-0.2626953125 2.1187335904995903)
(-0.262451171875 2.1180883822328753)
(-0.26220703125 2.117442338186375)
(-0.261962890625 2.1167954577174184)
(-0.26171875 2.116147740184481)
(-0.261474609375 2.1154991849471934)
(-0.26123046875 2.1148497913663493)
(-0.260986328125 2.114199558803912)
(-0.2607421875 2.113548486623025)
(-0.260498046875 2.112896574188016)
(-0.26025390625 2.1122438208644065)
(-0.260009765625 2.111590226018921)
(-0.259765625 2.110935789019493)
(-0.259521484375 2.1102805092352726)
(-0.25927734375 2.1096243860366366)
(-0.259033203125 2.108967418795194)
(-0.2587890625 2.108309606883795)
(-0.258544921875 2.10765094967654)
(-0.25830078125 2.1069914465487862)
(-0.258056640625 2.106331096877155)
(-0.2578125 2.1056699000395427)
(-0.257568359375 2.105007855415126)
(-0.25732421875 2.1043449623843715)
(-0.257080078125 2.103681220329043)
(-0.2568359375 2.1030166286322105)
(-0.256591796875 2.102351186678258)
(-0.25634765625 2.1016848938528914)
(-0.256103515625 2.1010177495431477)
(-0.255859375 2.1003497531374014)
(-0.255615234375 2.099680904025375)
(-0.25537109375 2.099011201598146)
(-0.255126953125 2.0983406452481557)
(-0.2548828125 2.0976692343692167)
(-0.254638671875 2.096996968356523)
(-0.25439453125 2.096323846606656)
(-0.254150390625 2.095649868517596)
(-0.25390625 2.094975033488728)
(-0.253662109375 2.094299340920851)
(-0.25341796875 2.0936227902161875)
(-0.253173828125 2.09294538077839)
(-0.2529296875 2.0922671120125527)
(-0.252685546875 2.091587983325216)
(-0.25244140625 2.0909079941243793)
(-0.252197265625 2.090227143819506)
(-0.251953125 2.089545431821535)
(-0.251708984375 2.088862857542888)
(-0.25146484375 2.0881794203974775)
(-0.251220703125 2.0874951198007174)
(-0.2509765625 2.086809955169531)
(-0.250732421875 2.086123925922359)
(-0.25048828125 2.0854370314791693)
(-0.250244140625 2.0847492712614657)
(-0.25 2.084060644692296)
(-0.249755859375 2.083371151196262)
(-0.24951171875 2.0826807901995275)
(-0.249267578125 2.0819895611299457)
(-0.2490234375 2.081297463416711)
(-0.248779296875 2.080604496490729)
(-0.24853515625 2.0799106597845034)
(-0.248291015625 2.0792159527321448)
(-0.248046875 2.0785203747693806)
(-0.247802734375 2.0778239253335644)
(-0.24755859375 2.0771266038636833)
(-0.247314453125 2.07642840980037)
(-0.2470703125 2.075729342585909)
(-0.24658203125 2.074328594180475)
(-0.246337890625 2.073626904043757)
(-0.24609375 2.072924338544422)
(-0.245849609375 2.0722208971329934)
(-0.24560546875 2.071516579261944)
(-0.245361328125 2.070811384385345)
(-0.2451171875 2.0701053119589936)
(-0.244873046875 2.069398361440546)
(-0.24462890625 2.0686905322891627)
(-0.244140625 2.0672722436804936)
(-0.243896484375 2.0665617752636325)
(-0.24365234375 2.0658504260713224)
(-0.243408203125 2.065138195571678)
(-0.2431640625 2.0644250832346196)
(-0.242919921875 2.0637110885318815)
(-0.24267578125 2.0629962109370226)
(-0.242431640625 2.0622804499254372)
(-0.2421875 2.061563804974362)
(-0.241943359375 2.0608462755628874)
(-0.24169921875 2.060127861171968)
(-0.241455078125 2.05940856128443)
(-0.2412109375 2.0586883753849836)
(-0.240966796875 2.0579673029602312)
(-0.24072265625 2.057245343498677)
(-0.240478515625 2.0565224964907385)
(-0.240234375 2.055798761428755)
(-0.239990234375 2.055074137806997)
(-0.23974609375 2.054348625121679)
(-0.239501953125 2.053622222870966)
(-0.2392578125 2.052894930554985)
(-0.239013671875 2.0521667476758356)
(-0.23876953125 2.0514376737375994)
(-0.238525390625 2.05070770824635)
(-0.23828125 2.0499768507101637)
(-0.238037109375 2.049245100639129)
(-0.23779296875 2.048512457545356)
(-0.237548828125 2.047778920942989)
(-0.2373046875 2.0470444903482146)
(-0.237060546875 2.0463091652792724)
(-0.23681640625 2.045572945256466)
(-0.236572265625 2.0448358298021723)
(-0.236328125 2.0440978184408523)
(-0.236083984375 2.0433589106990615)
(-0.23583984375 2.04261910610546)
(-0.235595703125 2.041878404190824)
(-0.2353515625 2.041136804488054)
(-0.235107421875 2.040394306532187)
(-0.23486328125 2.0396509098604065)
(-0.234619140625 2.038906614012054)
(-0.234375 2.0381614185286376)
(-0.234130859375 2.037415322953843)
(-0.23388671875 2.0366683268335457)
(-0.233642578125 2.03592042971582)
(-0.2333984375 2.0351716311509507)
(-0.233154296875 2.034421930691442)
(-0.23291015625 2.033671327892031)
(-0.232666015625 2.0329198223096956)
(-0.232421875 2.0321674135036667)
(-0.232177734375 2.0314141010354394)
(-0.23193359375 2.030659884468782)
(-0.231689453125 2.02990476336975)
(-0.2314453125 2.029148737306692)
(-0.231201171875 2.0283918058502657)
(-0.23095703125 2.0276339685734457)
(-0.230712890625 2.0268752250515356)
(-0.23046875 2.026115574862179)
(-0.230224609375 2.0253550175853694)
(-0.22998046875 2.024593552803462)
(-0.229736328125 2.0238311801011855)
(-0.2294921875 2.0230678990656514)
(-0.229248046875 2.0223037092863674)
(-0.22900390625 2.021538610355245)
(-0.228759765625 2.0207726018666152)
(-0.228515625 2.0200056834172355)
(-0.228271484375 2.0192378546063035)
(-0.22802734375 2.018469115035468)
(-0.227783203125 2.0176994643088384)
(-0.2275390625 2.0169289020329986)
(-0.227294921875 2.0161574278170162)
(-0.22705078125 2.015385041272455)
(-0.226806640625 2.0146117420133858)
(-0.2265625 2.0138375296563984)
(-0.226318359375 2.0130624038206117)
(-0.22607421875 2.0122863641276862)
(-0.225830078125 2.011509410201836)
(-0.2255859375 2.0107315416698386)
(-0.225341796875 2.0099527581610475)
(-0.22509765625 2.009173059307404)
(-0.224853515625 2.008392444743448)
(-0.224609375 2.00761091410633)
(-0.224365234375 2.006828467035822)
(-0.22412109375 2.0060451031743307)
(-0.223876953125 2.0052608221669073)
(-0.2236328125 2.004475623661261)
(-0.223388671875 2.003689507307769)
(-0.22314453125 2.00290247275949)
(-0.222900390625 2.0021145196721735)
(-0.22265625 2.0013256477042742)
(-0.222412109375 2.000535856516963)
(-0.22216796875 1.9997451457741375)
(-0.221923828125 1.9989535151424358)
(-0.2216796875 1.9981609642912472)
(-0.221435546875 1.9973674928927243)
(-0.22119140625 1.9965731006217955)
(-0.220947265625 1.995777787156176)
(-0.220703125 1.9949815521763807)
(-0.220458984375 1.994184395365736)
(-0.22021484375 1.9933863164103918)
(-0.219970703125 1.9925873149993327)
(-0.2197265625 1.991787390824392)
(-0.219482421875 1.9909865435802618)
(-0.21923828125 1.9901847729645068)
(-0.218994140625 1.989382078677575)
(-0.21875 1.9885784604228114)
(-0.218505859375 1.987773917906469)
(-0.21826171875 1.9869684508377217)
(-0.218017578125 1.986162058928676)
(-0.2177734375 1.9853547418943842)
(-0.217529296875 1.984546499452856)
(-0.21728515625 1.9837373313250715)
(-0.217041015625 1.982927237234992)
(-0.216796875 1.9821162169095745)
(-0.216552734375 1.9813042700787833)
(-0.21630859375 1.9804913964756012)
(-0.216064453125 1.9796775958360444)
(-0.2158203125 1.9788628678991729)
(-0.215576171875 1.9780472124071038)
(-0.21533203125 1.9772306291050241)
(-0.215087890625 1.9764131177412032)
(-0.21484375 1.9755946780670048)
(-0.214599609375 1.9747753098369003)
(-0.21435546875 1.973955012808481)
(-0.214111328125 1.9731337867424714)
(-0.2138671875 1.9723116314027411)
(-0.213623046875 1.971488546556318)
(-0.21337890625 1.9706645319734004)
(-0.213134765625 1.969839587427371)
(-0.212890625 1.9690137126948086)
(-0.212646484375 1.9681869075555012)
(-0.21240234375 1.967359171792459)
(-0.212158203125 1.966530505191927)
(-0.2119140625 1.9657009075433987)
(-0.211669921875 1.9648703786396273)
(-0.21142578125 1.9640389182766405)
(-0.211181640625 1.9632065262537521)
(-0.2109375 1.962373202373576)
(-0.210693359375 1.9615389464420387)
(-0.21044921875 1.960703758268392)
(-0.210205078125 1.9598676376652264)
(-0.2099609375 1.9590305844484845)
(-0.209716796875 1.9581925984374737)
(-0.20947265625 1.957353679454879)
(-0.209228515625 1.9565138273267768)
(-0.208984375 1.955673041882648)
(-0.208740234375 1.9548313229553904)
(-0.20849609375 1.9539886703813334)
(-0.208251953125 1.953145084000249)
(-0.2080078125 1.9523005636553676)
(-0.207763671875 1.9514551091933894)
(-0.20751953125 1.9506087204644986)
(-0.207275390625 1.9497613973223762)
(-0.20703125 1.9489131396242136)
(-0.206787109375 1.9480639472307266)
(-0.20654296875 1.9472138200061675)
(-0.206298828125 1.9463627578183391)
(-0.2060546875 1.9455107605386088)
(-0.205810546875 1.9446578280419209)
(-0.20556640625 1.9438039602068111)
(-0.205322265625 1.9429491569154194)
(-0.205078125 1.9420934180535034)
(-0.204833984375 1.9412367435104525)
(-0.20458984375 1.9403791331793012)
(-0.204345703125 1.9395205869567427)
(-0.2041015625 1.938661104743142)
(-0.203857421875 1.9378006864425503)
(-0.20361328125 1.9369393319627186)
(-0.203369140625 1.9360770412151105)
(-0.203125 1.9352138141149167)
(-0.202880859375 1.934349650581069)
(-0.20263671875 1.9334845505362523)
(-0.202392578125 1.9326185139069207)
(-0.2021484375 1.93175154062331)
(-0.201904296875 1.930883630619451)
(-0.20166015625 1.9300147838331843)
(-0.201416015625 1.929145000206174)
(-0.201171875 1.928274279683921)
(-0.200927734375 1.927402622215777)
(-0.20068359375 1.9265300277549593)
(-0.200439453125 1.9256564962585632)
(-0.2001953125 1.9247820276875773)
(-0.199951171875 1.9239066220068965)
(-0.19970703125 1.9230302791853366)
(-0.199462890625 1.9221529991956476)
(-0.19921875 1.921274782014529)
(-0.198974609375 1.9203956276226422)
(-0.19873046875 1.9195155360046252)
(-0.198486328125 1.9186345071491073)
(-0.1982421875 1.9177525410487226)
(-0.197998046875 1.916869637700124)
(-0.19775390625 1.9159857971039973)
(-0.197509765625 1.915101019265076)
(-0.197265625 1.9142153041921541)
(-0.197021484375 1.9133286518981025)
(-0.19677734375 1.9124410623998804)
(-0.196533203125 1.9115525357185519)
(-0.1962890625 1.910663071879299)
(-0.196044921875 1.909772670911436)
(-0.19580078125 1.9088813328484238)
(-0.195556640625 1.9079890577278849)
(-0.1953125 1.907095845591616)
(-0.195068359375 1.9062016964856046)
(-0.19482421875 1.9053066104600407)
(-0.194580078125 1.904410587569334)
(-0.1943359375 1.9035136278721256)
(-0.194091796875 1.9026157314313044)
(-0.19384765625 1.9017168983140202)
(-0.193603515625 1.9008171285916988)
(-0.193359375 1.8999164223400562)
(-0.193115234375 1.8990147796391132)
(-0.19287109375 1.8981122005732094)
(-0.192626953125 1.8972086852310184)
(-0.1923828125 1.8963042337055613)
(-0.192138671875 1.8953988460942224)
(-0.19189453125 1.894492522498763)
(-0.191650390625 1.8935852630253356)
(-0.19140625 1.8926770677844997)
(-0.191162109375 1.8917679368912348)
(-0.19091796875 1.8908578704649561)
(-0.190673828125 1.8899468686295287)
(-0.1904296875 1.8890349315132822)
(-0.190185546875 1.8881220592490253)
(-0.18994140625 1.887208251974061)
(-0.189697265625 1.8862935098301998)
(-0.189453125 1.8853778329637765)
(-0.189208984375 1.8844612215256622)
(-0.18896484375 1.883543675671282)
(-0.188720703125 1.8826251955606275)
(-0.1884765625 1.8817057813582716)
(-0.188232421875 1.8807854332333849)
(-0.18798828125 1.8798641513597485)
(-0.187744140625 1.8789419359157702)
(-0.1875 1.8780187870844984)
(-0.187255859375 1.8770947050536368)
(-0.18701171875 1.8761696900155604)
(-0.186767578125 1.8752437421673287)
(-0.1865234375 1.874316861710701)
(-0.186279296875 1.8733890488521525)
(-0.18603515625 1.8724603038028873)
(-0.185791015625 1.8715306267788538)
(-0.185546875 1.8706000180007607)
(-0.185302734375 1.8696684776940902)
(-0.18505859375 1.8687360060891136)
(-0.184814453125 1.8678026034209065)
(-0.1845703125 1.8668682699293635)
(-0.184326171875 1.8659330058592125)
(-0.18408203125 1.8649968114600306)
(-0.183837890625 1.8640596869862582)
(-0.18359375 1.8631216326972142)
(-0.183349609375 1.8621826488571114)
(-0.18310546875 1.8612427357350703)
(-0.182861328125 1.8603018936051356)
(-0.1826171875 1.85936012274629)
(-0.182373046875 1.8584174234424693)
(-0.18212890625 1.8574737959825776)
(-0.181884765625 1.8565292406605027)
(-0.181640625 1.8555837577751304)
(-0.181396484375 1.85463734763036)
(-0.18115234375 1.8536900105351182)
(-0.180908203125 1.8527417468033762)
(-0.1806640625 1.8517925567541629)
(-0.180419921875 1.8508424407115804)
(-0.18017578125 1.8498913990048194)
(-0.179931640625 1.848939431968174)
(-0.1796875 1.8479865399410564)
(-0.179443359375 1.847032723268013)
(-0.17919921875 1.8460779822987379)
(-0.178955078125 1.8451223173880893)
(-0.1787109375 1.8441657288961042)
(-0.178466796875 1.8432082171880126)
(-0.17822265625 1.8422497826342539)
(-0.177978515625 1.8412904256104914)
(-0.177734375 1.840330146497627)
(-0.177490234375 1.8393689456818165)
(-0.17724609375 1.8384068235544853)
(-0.177001953125 1.8374437805123427)
(-0.1767578125 1.8364798169573973)
(-0.176513671875 1.8355149332969718)
(-0.17626953125 1.8345491299437189)
(-0.176025390625 1.8335824073156355)
(-0.17578125 1.8326147658360779)
(-0.175537109375 1.8316462059337775)
(-0.17529296875 1.8306767280428553)
(-0.175048828125 1.8297063326028378)
(-0.1748046875 1.8287350200586705)
(-0.174560546875 1.8277627908607348)
(-0.17431640625 1.8267896454648622)
(-0.174072265625 1.8258155843323494)
(-0.173828125 1.8248406079299733)
(-0.173583984375 1.8238647167300066)
(-0.17333984375 1.8228879112102325)
(-0.173095703125 1.82191019185396)
(-0.1728515625 1.8209315591500386)
(-0.172607421875 1.8199520135928742)
(-0.17236328125 1.8189715556824426)
(-0.172119140625 1.817990185924307)
(-0.171875 1.8170079048296308)
(-0.171630859375 1.8160247129151939)
(-0.17138671875 1.8150406107034072)
(-0.171142578125 1.8140555987223281)
(-0.1708984375 1.8130696775056758)
(-0.170654296875 1.8120828475928452)
(-0.17041015625 1.8110951095289232)
(-0.170166015625 1.8101064638647033)
(-0.169921875 1.8091169111567)
(-0.169677734375 1.8081264519671656)
(-0.16943359375 1.8071350868641027)
(-0.169189453125 1.8061428164212818)
(-0.1689453125 1.8051496412182542)
(-0.168701171875 1.8041555618403688)
(-0.16845703125 1.8031605788787854)
(-0.168212890625 1.8021646929304913)
(-0.16796875 1.8011679045983147)
(-0.167724609375 1.8001702144909415)
(-0.16748046875 1.7991716232229285)
(-0.167236328125 1.7981721314147194)
(-0.1669921875 1.7971717396926596)
(-0.166748046875 1.7961704486890113)
(-0.16650390625 1.7951682590419673)
(-0.166259765625 1.794165171395668)
(-0.166015625 1.793161186400214)
(-0.165771484375 1.7921563047115623)
(-0.16552734375 1.791150526991906)
(-0.165283203125 1.7901438539093195)
(-0.1650390625 1.7891362861378977)
(-0.164794921875 1.788127824357772)
(-0.16455078125 1.7871184692551236)
(-0.164306640625 1.7861082215221997)
(-0.1640625 1.7850970818573275)
(-0.163818359375 1.7840850509649293)
(-0.16357421875 1.7830721295555367)
(-0.163330078125 1.782058318345807)
(-0.1630859375 1.7810436180585356)
(-0.162841796875 1.7800280294226731)
(-0.16259765625 1.779011553173338)
(-0.162353515625 1.777994190051833)
(-0.162109375 1.7769759408056587)
(-0.161865234375 1.7759568061885287)
(-0.16162109375 1.774936786960384)
(-0.161376953125 1.7739158838874085)
(-0.1611328125 1.772894097742042)
(-0.160888671875 1.7718714293029967)
(-0.16064453125 1.77084787935527)
(-0.160400390625 1.7698234486901605)
(-0.16015625 1.7687981381052815)
(-0.159912109375 1.767771948404577)
(-0.15966796875 1.7667448803983339)
(-0.159423828125 1.7657169349031987)
(-0.1591796875 1.7646881127421907)
(-0.158935546875 1.7636584147447176)
(-0.15869140625 1.7626278417465877)
(-0.158447265625 1.7615963945900273)
(-0.158203125 1.7605640741236925)
(-0.157958984375 1.7595308812026853)
(-0.15771484375 1.7584968166885666)
(-0.157470703125 1.7574618814493719)
(-0.1572265625 1.7564260763596244)
(-0.156982421875 1.7553894023003498)
(-0.15673828125 1.7543518601590904)
(-0.156494140625 1.7533134508299197)
(-0.15625 1.7522741752134559)
(-0.156005859375 1.7512340342168764)
(-0.15576171875 1.750193028753932)
(-0.155517578125 1.7491511597449616)
(-0.1552734375 1.7481084281169046)
(-0.155029296875 1.747064834803317)
(-0.15478515625 1.7460203807443835)
(-0.154541015625 1.744975066886933)
(-0.154296875 1.7439288941844517)
(-0.154052734375 1.742881863597098)
(-0.15380859375 1.7418339760917145)
(-0.153564453125 1.7407852326418443)
(-0.1533203125 1.7397356342277426)
(-0.153076171875 1.7386851818363924)
(-0.15283203125 1.737633876461517)
(-0.152587890625 1.7365817191035942)
(-0.15234375 1.7355287107698698)
(-0.152099609375 1.7344748524743725)
(-0.15185546875 1.7334201452379248)
(-0.151611328125 1.7323645900881597)
(-0.1513671875 1.731308188059532)
(-0.151123046875 1.730250940193334)
(-0.15087890625 1.729192847537706)
(-0.150634765625 1.7281339111476532)
(-0.150390625 1.7270741320850562)
(-0.150146484375 1.7260135114186863)
(-0.14990234375 1.7249520502242177)
(-0.149658203125 1.723889749584242)
(-0.1494140625 1.7228266105882803)
(-0.149169921875 1.7217626343327972)
(-0.14892578125 1.720697821921213)
(-0.148681640625 1.719632174463919)
(-0.1484375 1.7185656930782878)
(-0.148193359375 1.7174983788886886)
(-0.14794921875 1.7164302330264993)
(-0.147705078125 1.7153612566301195)
(-0.1474609375 1.7142914508449834)
(-0.147216796875 1.7132208168235734)
(-0.14697265625 1.712149355725432)
(-0.146728515625 1.7110770687171755)
(-0.146484375 1.7100039569725054)
(-0.146240234375 1.7089300216722234)
(-0.14599609375 1.7078552640042417)
(-0.145751953125 1.7067796851635972)
(-0.1455078125 1.7057032863524635)
(-0.145263671875 1.7046260687801638)
(-0.14501953125 1.703548033663182)
(-0.144775390625 1.702469182225178)
(-0.14453125 1.701389515696997)
(-0.144287109375 1.7003090353166836)
(-0.14404296875 1.699227742329494)
(-0.143798828125 1.6981456379879076)
(-0.1435546875 1.6970627235516396)
(-0.143310546875 1.6959790002876536)
(-0.14306640625 1.6948944694701722)
(-0.142822265625 1.6938091323806912)
(-0.142578125 1.6927229903079892)
(-0.142333984375 1.691636044548142)
(-0.14208984375 1.6905482964045322)
(-0.141845703125 1.6894597471878625)
(-0.1416015625 1.688370398216167)
(-0.141357421875 1.687280250814823)
(-0.14111328125 1.6861893063165618)
(-0.140869140625 1.6850975660614826)
(-0.140625 1.684005031397061)
(-0.140380859375 1.682911703678163)
(-0.14013671875 1.6818175842670542)
(-0.139892578125 1.6807226745334138)
(-0.1396484375 1.6796269758543438)
(-0.139404296875 1.678530489614381)
(-0.13916015625 1.677433217205507)
(-0.138916015625 1.6763351600271628)
(-0.138671875 1.675236319486255)
(-0.138427734375 1.6741366969971707)
(-0.13818359375 1.673036293981786)
(-0.137939453125 1.6719351118694792)
(-0.1376953125 1.6708331520971385)
(-0.137451171875 1.6697304161091755)
(-0.13720703125 1.6686269053575349)
(-0.136962890625 1.6675226213017045)
(-0.13671875 1.666417565408726)
(-0.136474609375 1.665311739153207)
(-0.13623046875 1.6642051440173284)
(-0.135986328125 1.6630977814908579)
(-0.1357421875 1.6619896530711573)
(-0.135498046875 1.6608807602631959)
(-0.13525390625 1.659771104579557)
(-0.135009765625 1.6586606875404513)
(-0.134765625 1.6575495106737241)
(-0.13427734375 1.6553248902270254)
(-0.1337890625 1.653097248737154)
(-0.13330078125 1.6508665987119102)
(-0.1328125 1.648632952781881)
(-0.13232421875 1.6463963237007522)
(-0.1318359375 1.644156724345615)
(-0.13134765625 1.6419141677172697)
(-0.130859375 1.6396686669405205)
(-0.13037109375 1.6374202352644667)
(-0.1298828125 1.6351688860627884)
(-0.12939453125 1.6329146328340252)
(-0.12890625 1.630657489201849)
(-0.12841796875 1.6283974689153333)
(-0.1279296875 1.6261345858492133)
(-0.12744140625 1.6238688540041417)
(-0.126953125 1.6216002875069384)
(-0.12646484375 1.6193289006108333)
(-0.1259765625 1.6170547076957036)
(-0.12548828125 1.6147777232683036)
(-0.125 1.6124979619624897)
(-0.12451171875 1.6102154385394363)
(-0.1240234375 1.6079301678878488)
(-0.12353515625 1.605642165024166)
(-0.123046875 1.603351445092758)
(-0.12255859375 1.6010580233661171)
(-0.1220703125 1.5987619152450416)
(-0.12158203125 1.5964631362588113)
(-0.12109375 1.5941617020653573)
(-0.12060546875 1.5918576284514252)
(-0.1201171875 1.5895509313327283)
(-0.11962890625 1.587241626754097)
(-0.119140625 1.5849297308896173)
(-0.11865234375 1.582615260042764)
(-0.1181640625 1.5802982306465256)
(-0.11767578125 1.5779786592635212)
(-0.1171875 1.5756565625861099)
(-0.11669921875 1.5733319574364917)
(-0.1162109375 1.5710048607668017)
(-0.11572265625 1.5686752896591944)
(-0.115234375 1.5663432613259214)
(-0.11474609375 1.5640087931094)
(-0.1142578125 1.561671902482273)
(-0.11376953125 1.559332607047461)
(-0.11328125 1.5569909245382059)
(-0.11279296875 1.5546468728181047)
(-0.1123046875 1.5523004698811362)
(-0.11181640625 1.5499517338516775)
(-0.111328125 1.547600682984512)
(-0.11083984375 1.5452473356648282)
(-0.1103515625 1.54289171040821)
(-0.10986328125 1.5405338258606167)
(-0.109375 1.5381737007983545)
(-0.10888671875 1.535811354128038)
(-0.1083984375 1.5334468048865422)
(-0.10791015625 1.5310800722409457)
(-0.107421875 1.5287111754884624)
(-0.10693359375 1.5263401340563656)
(-0.1064453125 1.5239669675019)
(-0.10595703125 1.521591695512185)
(-0.10546875 1.519214337904108)
(-0.10498046875 1.516834914624206)
(-0.1044921875 1.514453445748538)
(-0.10400390625 1.5120699514825473)
(-0.103515625 1.509684452160912)
(-0.10302734375 1.5072969682473865)
(-0.1025390625 1.5049075203346296)
(-0.10205078125 1.502516129144025)
(-0.1015625 1.5001228155254884)
(-0.10107421875 1.4977276004572646)
(-0.1005859375 1.4953305050457133)
(-0.10009765625 1.4929315505250833)
(-0.099609375 1.4905307582572758)
(-0.09912109375 1.488128149731596)
(-0.0986328125 1.4857237465644928)
(-0.09814453125 1.483317570499288)
(-0.09765625 1.4809096434058915)
(-0.09716796875 1.4784999872800628)
(-0.0966796875 1.4760886242444666)
(-0.09619140625 1.4736755765469696)
(-0.095703125 1.4712608665607496)
(-0.09521484375 1.468844516784)
(-0.0947265625 1.4664265498395246)
(-0.09423828125 1.464006988474418)
(-0.09375 1.4615858555596344)
(-0.09326171875 1.459163174090039)
(-0.0927734375 1.4567389671827369)
(-0.09228515625 1.454313258077933)
(-0.091796875 1.4518860701380627)
(-0.09130859375 1.449457426847346)
(-0.0908203125 1.447027351811326)
(-0.09033203125 1.4445958687563984)
(-0.08984375 1.4421630015293243)
(-0.08935546875 1.4397287740963836)
(-0.0888671875 1.4372932105439236)
(-0.08837890625 1.4348563350767578)
(-0.087890625 1.4324181720179565)
(-0.08740234375 1.4299787458083444)
(-0.0869140625 1.4275380810058766)
(-0.08642578125 1.4250962022851108)
(-0.0859375 1.4226531344365527)
(-0.08544921875 1.4202089023660998)
(-0.0849609375 1.4177635310943575)
(-0.08447265625 1.4153170457560538)
(-0.083984375 1.4128694715993266)
(-0.0830078125 1.4079711757674915)
(-0.08203125 1.4030688283536732)
(-0.0810546875 1.3981626354871637)
(-0.080078125 1.3932528050346311)
(-0.0791015625 1.3883395465760258)
(-0.078125 1.3834230713794173)
(-0.0771484375 1.3785035923747526)
(-0.076171875 1.373581324126515)
(-0.0751953125 1.368656482804135)
(-0.07421875 1.3637292861559678)
(-0.0732421875 1.3587999534750526)
(-0.072265625 1.3538687055678114)
(-0.0703125 1.3440013985544965)
(-0.0693359375 1.3390657410605336)
(-0.068359375 1.334129066212378)
(-0.0673828125 1.3291916018483905)
(-0.06640625 1.324253577104325)
(-0.0654296875 1.3193152223724798)
(-0.064453125 1.314376769259466)
(-0.0634765625 1.309438450542551)
(-0.0625 1.304500500124539)
(-0.0615234375 1.2995631529871379)
(-0.060546875 1.294626645142764)
(-0.0595703125 1.2896912135847332)
(-0.05859375 1.2847570962357735)
(-0.0576171875 1.2798245318947952)
(-0.056640625 1.2748937601818482)
(-0.0556640625 1.269965021481186)
(-0.0546875 1.2650385568823497)
(-0.0537109375 1.2601146081191787)
(-0.052734375 1.2551934175066406)
(-0.0517578125 1.2502752278753675)
(-0.05126953125 1.247817342174195)
(-0.05078125 1.2453602980218517)
(-0.05029296875 1.2429041258875857)
(-0.0498046875 1.2404488562597458)
(-0.04931640625 1.2379945196434325)
(-0.048828125 1.235541146558104)
(-0.04833984375 1.2330887675351336)
(-0.0478515625 1.2306374131153175)
(-0.04736328125 1.2281871138463327)
(-0.046875 1.2257379002801425)
(-0.04638671875 1.2232898029703463)
(-0.0458984375 1.2208428524694743)
(-0.04541015625 1.2183970793262242)
(-0.044921875 1.2159525140826373)
(-0.04443359375 1.2135091872712112)
(-0.0439453125 1.21106712941195)
(-0.04345703125 1.2086263710093454)
(-0.04296875 1.2061869425492895)
(-0.04248046875 1.2037488744959148)
(-0.0419921875 1.2013121972883596)
(-0.04150390625 1.198876941337455)
(-0.041015625 1.1964431370223312)
(-0.04052734375 1.1940108146869408)
(-0.0400390625 1.1915800046364933)
(-0.03955078125 1.189150737133798)
(-0.0390625 1.1867230423955153)
(-0.03857421875 1.184296950588306)
(-0.0380859375 1.181872491824881)
(-0.03759765625 1.1794496961599414)
(-0.037109375 1.1770285935860099)
(-0.03662109375 1.1746092140291444)
(-0.0361328125 1.172191587344532)
(-0.03564453125 1.1697757433119564)
(-0.03515625 1.167361711631133)
(-0.03466796875 1.1649495219169086)
(-0.0341796875 1.1625392036943172)
(-0.03369140625 1.1601307863934858)
(-0.033203125 1.1577242993443857)
(-0.03271484375 1.1553197717714199)
(-0.0322265625 1.152917232787841)
(-0.03173828125 1.1505167113899915)
(-0.03125 1.1481182364513591)
(-0.03076171875 1.1457218367164375)
(-0.0302734375 1.1433275407943848)
(-0.02978515625 1.140935377152471)
(-0.029296875 1.1385453741093037)
(-0.02880859375 1.1361575598278213)
(-0.0283203125 1.1337719623080478)
(-0.02783203125 1.1313886093795897)
(-0.02734375 1.1290075286938734)
(-0.02685546875 1.1266287477161017)
(-0.0263671875 1.1242522937169237)
(-0.02587890625 1.1218781937638)
(-0.025390625 1.1195064747120524)
(-0.02490234375 1.1171371631955804)
(-0.0244140625 1.1147702856172321)
(-0.02392578125 1.1124058681388107)
(-0.0234375 1.1100439366707016)
(-0.02294921875 1.1076845168611011)
(-0.0224609375 1.1053276340848286)
(-0.02197265625 1.1029733134317024)
(-0.021484375 1.1006215796944587)
(-0.02099609375 1.098272457356193)
(-0.0205078125 1.0959259705773001)
(-0.02001953125 1.0935821431818902)
(-0.01953125 1.0912409986436555)
(-0.01904296875 1.0889025600711624)
(-0.0185546875 1.0865668501925407)
(-0.01806640625 1.0842338913395426)
(-0.017578125 1.0819037054309408)
(-0.01708984375 1.0795763139552346)
(-0.0166015625 1.0772517379526305)
(-0.01611328125 1.0749299979962659)
(-0.015869140625 1.0737702015433257)
(-0.015625 1.0726111215701333)
(-0.015380859375 1.0714527605092605)
(-0.01513671875 1.0702951207602678)
(-0.014892578125 1.069138204689024)
(-0.0146484375 1.067982014627001)
(-0.014404296875 1.0668265528705634)
(-0.01416015625 1.0656718216802337)
(-0.013916015625 1.0645178232799517)
(-0.013671875 1.0633645598563068)
(-0.013427734375 1.0622120335577645)
(-0.01318359375 1.0610602464938672)
(-0.012939453125 1.0599092007344255)
(-0.0126953125 1.0587588983086844)
(-0.012451171875 1.0576093412044798)
(-0.01220703125 1.0564605313673663)
(-0.011962890625 1.0553124706997385)
(-0.01171875 1.0541651610599203)
(-0.011474609375 1.0530186042612455)
(-0.01123046875 1.0518728020711083)
(-0.010986328125 1.0507277562100037)
(-0.0107421875 1.0495834683505343)
(-0.010498046875 1.0484399401164095)
(-0.01025390625 1.0472971730814067)
(-0.010009765625 1.046155168768327)
(-0.009765625 1.0450139286479099)
(-0.009521484375 1.0438734541377412)
(-0.00927734375 1.0427337466011206)
(-0.009033203125 1.0415948073459198)
(-0.0087890625 1.0404566376233995)
(-0.008544921875 1.0393192386270151)
(-0.00830078125 1.038182611491182)
(-0.008056640625 1.0370467572900273)
(-0.0078125 1.0359116770360979)
(-0.007568359375 1.0347773716790567)
(-0.00732421875 1.0336438421043326)
(-0.007080078125 1.0325110891317568)
(-0.0068359375 1.0313791135141523)
(-0.006591796875 1.0302479159357647)
(-0.00634765625 1.02911749701122)
(-0.006103515625 1.0279878572835959)
(-0.005859375 1.0268589972230318)
(-0.005615234375 1.0257309172251616)
(-0.00537109375 1.024603617609511)
(-0.005126953125 1.023477098617857)
(-0.0048828125 1.0223513604125514)
(-0.004638671875 1.0212264030748068)
(-0.00439453125 1.0201022266029423)
(-0.004150390625 1.01897883091059)
(-0.00390625 1.0178562158248619)
(-0.003662109375 1.0167343810844722)
(-0.00341796875 1.0156133263378204)
(-0.003173828125 1.014493051141028)
(-0.0029296875 1.0133735549559317)
(-0.00244140625 1.011136886492239)
(-0.002197265625 1.010019723225542)
(-0.001953125 1.0089033358298582)
(-0.00146484375 1.0066728735720305)
(-0.001220703125 1.0055588071931834)
(-0.0009765625 1.0044455118630562)
(-0.00048828125 1.002221217151656)
(-0.000244140625 1.001110225667258)
(-0.0001220703125 1.000555017404569)
(0.0 1.0)
(6.103515625e-05 0.9997231453220147)
(0.0001220703125 0.9994475004578464)
(0.000152587890625 0.9993101302174277)
(0.00018310546875 0.9991730604490313)
(0.000244140625 0.9988998193740078)
(0.000274658203125 0.9987636470847739)
(0.00030517578125 0.9986277726472593)
(0.000335693359375 0.998492195409967)
(0.0003662109375 0.9983569147228248)
(0.000396728515625 0.9982219299371826)
(0.00042724609375 0.9980872404058092)
(0.000457763671875 0.9979528454828889)
(0.00048828125 0.9978187445240186)
(0.000518798828125 0.9976849368862051)
(0.00054931640625 0.9975514219278611)
(0.000579833984375 0.9974181990088029)
(0.0006103515625 0.9972852674902474)
(0.000640869140625 0.9971526267348081)
(0.00067138671875 0.9970202761064934)
(0.000701904296875 0.996888214970702)
(0.000732421875 0.9967564426942215)
(0.000762939453125 0.9966249586452239)
(0.00079345703125 0.9964937621932638)
(0.000823974609375 0.9963628527092742)
(0.0008544921875 0.9962322295655645)
(0.000885009765625 0.9961018921358167)
(0.00091552734375 0.9959718397950833)
(0.000946044921875 0.9958420719197832)
(0.0009765625 0.9957125878876998)
(0.001007080078125 0.9955833870779769)
(0.00103759765625 0.9954544688711169)
(0.001068115234375 0.9953258326489768)
(0.0010986328125 0.9951974777947659)
(0.001129150390625 0.9950694036930426)
(0.00115966796875 0.9949416097297117)
(0.001190185546875 0.9948140952920206)
(0.001220703125 0.9946868597685576)
(0.001251220703125 0.9945599025492481)
(0.00128173828125 0.994433223025352)
(0.0013427734375 0.994180694333438)
(0.00140380859375 0.9939292691541687)
(0.00146484375 0.9936789426653483)
(0.00152587890625 0.9934297100658536)
(0.0015869140625 0.9931815665755418)
(0.00164794921875 0.9929345074351588)
(0.001708984375 0.9926885279062475)
(0.00177001953125 0.9924436232710577)
(0.0018310546875 0.9921997888324551)
(0.00189208984375 0.991957019913831)
(0.001953125 0.9917153118590133)
(0.00201416015625 0.9914746600321764)
(0.0020751953125 0.9912350598177531)
(0.00213623046875 0.9909965066203454)
(0.002197265625 0.9907589958646367)
(0.00225830078125 0.990522522995304)
(0.0023193359375 0.9902870834769303)
(0.00238037109375 0.9900526727939182)
(0.00244140625 0.9898192864504024)
(0.00250244140625 0.9895869199701645)
(0.0025634765625 0.9893555688965461)
(0.00262451171875 0.9891252287923643)
(0.002685546875 0.9888958952398259)
(0.00274658203125 0.988667563840443)
(0.0028076171875 0.9884402302149483)
(0.00286865234375 0.9882138900032117)
(0.0029296875 0.9879885388641559)
(0.00299072265625 0.9877641724756743)
(0.0030517578125 0.9875407865345465)
(0.00311279296875 0.987318376756357)
(0.003173828125 0.9870969388754129)
(0.00323486328125 0.9868764686446615)
(0.0032958984375 0.9866569618356092)
(0.00335693359375 0.9864384142382407)
(0.00341796875 0.9862208216609377)
(0.00347900390625 0.9860041799303986)
(0.0035400390625 0.9857884848915588)
(0.00360107421875 0.9855737324075108)
(0.003662109375 0.9853599183594247)
(0.00372314453125 0.9851470386464698)
(0.0037841796875 0.9849350891857349)
(0.00384521484375 0.984724065912151)
(0.00390625 0.9845139647784129)
(0.00396728515625 0.9843047817549014)
(0.0040283203125 0.9840965128296066)
(0.00408935546875 0.9838891540080501)
(0.004150390625 0.9836827013132091)
(0.00421142578125 0.98347715078544)
(0.0042724609375 0.9832724984824021)
(0.00433349609375 0.9830687404789824)
(0.00439453125 0.98286587286722)
(0.00445556640625 0.9826638917562315)
(0.0045166015625 0.9824627932721357)
(0.00457763671875 0.9822625735579804)
(0.004638671875 0.9820632287736674)
(0.00469970703125 0.9818647550958791)
(0.0047607421875 0.9816671487180058)
(0.00482177734375 0.9814704058500715)
(0.0048828125 0.9812745227186626)
(0.00494384765625 0.9810794955668544)
(0.0050048828125 0.9808853206541396)
(0.00506591796875 0.9806919942563564)
(0.005126953125 0.9804995126656172)
(0.00518798828125 0.9803078721902373)
(0.0052490234375 0.980117069154664)
(0.00531005859375 0.9799270998994067)
(0.00537109375 0.9797379607809661)
(0.00543212890625 0.9795496481717643)
(0.0054931640625 0.9793621584600757)
(0.00555419921875 0.9791754880499575)
(0.005615234375 0.9789896333611804)
(0.00567626953125 0.9788045908291606)
(0.0057373046875 0.9786203569048909)
(0.00579833984375 0.9784369280548726)
(0.005859375 0.9782543007610484)
(0.00592041015625 0.9780724715207337)
(0.0059814453125 0.9778914368465512)
(0.00604248046875 0.977711193266362)
(0.006103515625 0.9775317373232005)
(0.00616455078125 0.9773530655752075)
(0.0062255859375 0.9771751745955644)
(0.00628662109375 0.9769980609724268)
(0.00634765625 0.9768217213088604)
(0.00640869140625 0.9766461522227744)
(0.0064697265625 0.9764713503468576)
(0.00653076171875 0.9762973123285136)
(0.006591796875 0.976124034829796)
(0.00665283203125 0.9759515145273452)
(0.0067138671875 0.9757797481123239)
(0.00677490234375 0.9756087322903544)
(0.0068359375 0.9754384637814544)
(0.00689697265625 0.9752689393199753)
(0.0069580078125 0.9751001556545386)
(0.00701904296875 0.9749321095479738)
(0.007080078125 0.9747647977772567)
(0.00714111328125 0.9745982171334471)
(0.0072021484375 0.9744323644216275)
(0.00726318359375 0.9742672364608417)
(0.00732421875 0.974102830084034)
(0.00738525390625 0.9739391421379879)
(0.0074462890625 0.9737761694832668)
(0.00750732421875 0.9736139089941521)
(0.007568359375 0.973452357558585)
(0.00762939453125 0.9732915120781053)
(0.0076904296875 0.973131369467793)
(0.00775146484375 0.9729719266562088)
(0.0078125 0.9728131805853352)
(0.00787353515625 0.9726551282105175)
(0.0079345703125 0.972497766500406)
(0.00799560546875 0.9723410924368977)
(0.008056640625 0.9721851030150781)
(0.00811767578125 0.9720297952431637)
(0.0081787109375 0.9718751661424448)
(0.00823974609375 0.9717212127472284)
(0.00830078125 0.9715679321047811)
(0.00836181640625 0.9714153212752722)
(0.0084228515625 0.9712633773317181)
(0.00848388671875 0.9711120973599255)
(0.008544921875 0.970961478458436)
(0.00860595703125 0.9708115177384696)
(0.0086669921875 0.9706622123238705)
(0.00872802734375 0.9705135593510509)
(0.0087890625 0.9703655559689368)
(0.00885009765625 0.9702181993389126)
(0.0089111328125 0.9700714866347675)
(0.00897216796875 0.9699254150426406)
(0.009033203125 0.9697799817609672)
(0.00909423828125 0.9696351840004251)
(0.0091552734375 0.9694910189838811)
(0.00921630859375 0.9693474839463375)
(0.00927734375 0.9692045761348795)
(0.00933837890625 0.9690622928086221)
(0.0093994140625 0.9689206312386575)
(0.00946044921875 0.9687795887080027)
(0.009521484375 0.968639162511548)
(0.00958251953125 0.9684993499560044)
(0.0096435546875 0.9683601483598521)
(0.00970458984375 0.9682215550532891)
(0.009765625 0.9680835673781806)
(0.00982666015625 0.9679461826880067)
(0.0098876953125 0.9678093983478132)
(0.00994873046875 0.9676732117341598)
(0.010009765625 0.9675376202350702)
(0.01007080078125 0.9674026212499826)
(0.0101318359375 0.9672682121896987)
(0.01019287109375 0.967134390476335)
(0.01025390625 0.967001153543273)
(0.01031494140625 0.9668684988351096)
(0.0103759765625 0.9667364238076089)
(0.01043701171875 0.9666049259276528)
(0.010498046875 0.9664740026731925)
(0.01055908203125 0.9663436515332001)
(0.0106201171875 0.9662138700076209)
(0.01068115234375 0.9660846556073248)
(0.0107421875 0.9659560058540589)
(0.01080322265625 0.9658279182804)
(0.0108642578125 0.9657003904297072)
(0.01092529296875 0.9655734198560746)
(0.010986328125 0.9654470041242846)
(0.01104736328125 0.9653211408097615)
(0.0111083984375 0.9651958274985242)
(0.01116943359375 0.9650710617871407)
(0.01123046875 0.9649468412826814)
(0.01129150390625 0.9648231636026737)
(0.0113525390625 0.9647000263750559)
(0.01141357421875 0.964577427238132)
(0.011474609375 0.9644553638405261)
(0.01153564453125 0.9643338338411377)
(0.0115966796875 0.9642128349090964)
(0.01165771484375 0.9640923647237175)
(0.01171875 0.9639724209744573)
(0.01177978515625 0.9638530013608689)
(0.0118408203125 0.9637341035925581)
(0.01190185546875 0.9636157253891391)
(0.011962890625 0.9634978644801913)
(0.01202392578125 0.9633805186052155)
(0.0120849609375 0.9632636855135905)
(0.01214599609375 0.9631473629645303)
(0.01220703125 0.9630315487270402)
(0.01226806640625 0.9629162405798751)
(0.0123291015625 0.9628014363114965)
(0.01239013671875 0.9626871337200296)
(0.012451171875 0.9625733306132217)
(0.01251220703125 0.9624600248084)
(0.0125732421875 0.9623472141324296)
(0.01263427734375 0.962234896421672)
(0.0126953125 0.9621230695219433)
(0.01275634765625 0.9620117312884731)
(0.0128173828125 0.9619008795858633)
(0.01287841796875 0.9617905122880477)
(0.012939453125 0.96168062727825)
(0.01300048828125 0.9615712224489442)
(0.0130615234375 0.9614622957018141)
(0.01312255859375 0.9613538449477125)
(0.01318359375 0.9612458681066215)
(0.0133056640625 0.9610313268646113)
(0.01336669921875 0.9609247593776169)
(0.013427734375 0.96081865757404)
(0.01348876953125 0.9607130194189143)
(0.0135498046875 0.9606078428861662)
(0.01361083984375 0.9605031259585755)
(0.013671875 0.9603988666277371)
(0.01373291015625 0.9602950628940222)
(0.0137939453125 0.9601917127665405)
(0.01385498046875 0.960088814263116)
(0.013916015625 0.959986365410205)
(0.01397705078125 0.9598843642429024)
(0.0140380859375 0.9597828088048901)
(0.01409912109375 0.9596816971483982)
(0.01416015625 0.959581027334169)
(0.01422119140625 0.9594807974314183)
(0.0142822265625 0.9593810055177998)
(0.01434326171875 0.959281649679367)
(0.014404296875 0.9591827280105377)
(0.01446533203125 0.9590842386140562)
(0.0145263671875 0.958986179600958)
(0.01458740234375 0.9588885490905328)
(0.0146484375 0.958791345210289)
(0.01470947265625 0.9586945660959173)
(0.0147705078125 0.9585982098912552)
(0.01483154296875 0.9585022747482513)
(0.014892578125 0.9584067588269304)
(0.01495361328125 0.958311660295357)
(0.0150146484375 0.9582169773296013)
(0.01507568359375 0.9581227081137037)
(0.01513671875 0.9580288508396403)
(0.01519775390625 0.9579354037072877)
(0.0152587890625 0.9578423649243889)
(0.01531982421875 0.9577497327065189)
(0.015380859375 0.9576575052770502)
(0.01544189453125 0.957565680867119)
(0.0155029296875 0.9574742577155912)
(0.01556396484375 0.9573832340690285)
(0.015625 0.9572926081816551)
(0.01568603515625 0.9572023783153236)
(0.0157470703125 0.9571125427394825)
(0.01580810546875 0.9570230997311423)
(0.015869140625 0.9569340475748426)
(0.01593017578125 0.9568453845626196)
(0.0159912109375 0.9567571089939728)
(0.01605224609375 0.9566692191758329)
(0.01611328125 0.9565817134225288)
(0.01617431640625 0.9564945900557558)
(0.0162353515625 0.9564078474045429)
(0.016357421875 0.9562354967785835)
(0.0164794921875 0.9560646491595073)
(0.0166015625 0.9558952914401302)
(0.0167236328125 0.9557274106275718)
(0.016845703125 0.9555609938422581)
(0.0169677734375 0.9553960283169334)
(0.01708984375 0.9552325013956804)
(0.0172119140625 0.9550704005329503)
(0.017333984375 0.9549097132925992)
(0.0174560546875 0.9547504273469347)
(0.017578125 0.9545925304757699)
(0.0177001953125 0.9544360105654858)
(0.017822265625 0.954280855608102)
(0.0179443359375 0.9541270537003559)
(0.01806640625 0.9539745930427886)
(0.0181884765625 0.9538234619388406)
(0.018310546875 0.9536736487939536)
(0.0184326171875 0.9535251421146816)
(0.0185546875 0.9533779305078091)
(0.0186767578125 0.9532320026794765)
(0.018798828125 0.9530873474343143)
(0.0189208984375 0.9529439536745838)
(0.01904296875 0.9528018103993257)
(0.0191650390625 0.9526609067035162)
(0.019287109375 0.9525212317772306)
(0.0194091796875 0.9523827749048136)
(0.01953125 0.9522455254640574)
(0.0196533203125 0.9521094729253867)
(0.019775390625 0.9519746068510511)
(0.0198974609375 0.9518409168943238)
(0.02001953125 0.9517083927987086)
(0.0201416015625 0.9515770243971523)
(0.020263671875 0.9514468016112652)
(0.0203857421875 0.9513177144505472)
(0.0205078125 0.9511897530116228)
(0.0206298828125 0.9510629074774792)
(0.020751953125 0.9509371681167151)
(0.0208740234375 0.9508125252827931)
(0.02099609375 0.9506889694132998)
(0.0211181640625 0.9505664910292122)
(0.021240234375 0.9504450807341706)
(0.0213623046875 0.9503247292137574)
(0.021484375 0.9502054272347833)
(0.0216064453125 0.9500871656445778)
(0.021728515625 0.9499699353702878)
(0.0218505859375 0.9498537274181814)
(0.02197265625 0.9497385328729578)
(0.0220947265625 0.9496243428970634)
(0.022216796875 0.9495111487300139)
(0.0223388671875 0.9493989416877215)
(0.0224609375 0.9492877131618301)
(0.0225830078125 0.9491774546190535)
(0.022705078125 0.9490681576005212)
(0.0228271484375 0.9489598137211298)
(0.02294921875 0.9488524146688992)
(0.0230712890625 0.9487459522043353)
(0.023193359375 0.9486404181597976)
(0.0233154296875 0.9485358044388725)
(0.0234375 0.9484321030157528)
(0.0235595703125 0.948329305934621)
(0.023681640625 0.9482274053090396)
(0.0238037109375 0.9481263933213462)
(0.02392578125 0.9480262622220531)
(0.0240478515625 0.9479270043292535)
(0.024169921875 0.9478286120280311)
(0.0242919921875 0.9477310777698774)
(0.0244140625 0.9476343940721111)
(0.0245361328125 0.9475385535173051)
(0.024658203125 0.9474435487527166)
(0.0247802734375 0.947349372489724)
(0.02490234375 0.9472560175032667)
(0.0250244140625 0.9471634766312915)
(0.025146484375 0.9470717427742028)
(0.0252685546875 0.9469808088943181)
(0.025390625 0.946890668015328)
(0.0255126953125 0.946801313221761)
(0.025634765625 0.9467127376584529)
(0.0257568359375 0.9466249345300208)
(0.02587890625 0.9465378971003424)
(0.0260009765625 0.9464516186920382)
(0.026123046875 0.9463660926859598)
(0.0262451171875 0.9462813125206823)
(0.0263671875 0.9461972716920003)
(0.0264892578125 0.9461139637524295)
(0.026611328125 0.9460313823107117)
(0.0267333984375 0.9459495210313245)
(0.02685546875 0.9458683736339952)
(0.0269775390625 0.9457879338932197)
(0.027099609375 0.9457081956377834)
(0.0272216796875 0.9456291527502895)
(0.02734375 0.945550799166688)
(0.0274658203125 0.945473128875812)
(0.027587890625 0.9453961359189155)
(0.0277099609375 0.9453198143892165)
(0.02783203125 0.9452441584314442)
(0.0279541015625 0.9451691622413892)
(0.028076171875 0.9450948200654588)
(0.0281982421875 0.9450211262002349)
(0.0283203125 0.9449480749920374)
(0.0284423828125 0.9448756608364894)
(0.028564453125 0.9448038781780882)
(0.0286865234375 0.9447327215097783)
(0.02880859375 0.9446621853725293)
(0.0289306640625 0.9445922643549173)
(0.029052734375 0.944522953092709)
(0.0291748046875 0.944454246268451)
(0.029296875 0.9443861386110614)
(0.0294189453125 0.9443186248954255)
(0.029541015625 0.944251699941995)
(0.0296630859375 0.9441853586163903)
(0.02978515625 0.9441195958290073)
(0.030029296875 0.9439897832639818)
(0.0301513671875 0.9439257260171116)
(0.0302734375 0.9438622273898494)
(0.0303955078125 0.943799282510678)
(0.030517578125 0.9437368865505641)
(0.0306396484375 0.9436750347225853)
(0.03076171875 0.9436137222815655)
(0.0308837890625 0.9435529445237083)
(0.031005859375 0.9434926967862388)
(0.03125 0.9433737706631818)
(0.031494140625 0.9432569097567423)
(0.03173828125 0.9431420782033048)
(0.031982421875 0.9430292407620461)
(0.0322265625 0.9429183628041191)
(0.032470703125 0.9428094103020258)
(0.03271484375 0.9427023498191748)
(0.032958984375 0.9425971484996194)
(0.033203125 0.9424937740579746)
(0.033447265625 0.9423921947695093)
(0.03369140625 0.9422923794604093)
(0.033935546875 0.9421942974982114)
(0.0341796875 0.9420979187824019)
(0.034423828125 0.9420032137351791)
(0.03466796875 0.9419101532923763)
(0.034912109375 0.9418187088945418)
(0.03515625 0.9417288524781747)
(0.035400390625 0.9416405564671124)
(0.03564453125 0.9415537937640673)
(0.035888671875 0.9414685377423114)
(0.0361328125 0.9413847622375041)
(0.036376953125 0.9413024415396634)
(0.03662109375 0.9412215503852749)
(0.036865234375 0.9411420639495394)
(0.037109375 0.9410639578387535)
(0.037353515625 0.9409872080828244)
(0.03759765625 0.9409117911279128)
(0.037841796875 0.9408376838292047)
(0.0380859375 0.9407648634438088)
(0.038330078125 0.9406933076237762)
(0.03857421875 0.9406229944092429)
(0.038818359375 0.9405539022216893)
(0.0390625 0.9404860098573192)
(0.039306640625 0.9404192964805518)
(0.03955078125 0.9403537416176273)
(0.039794921875 0.9402893251503243)
(0.0400390625 0.9402260273097851)
(0.040283203125 0.9401638286704491)
(0.04052734375 0.9401027101440913)
(0.040771484375 0.9400426529739639)
(0.041015625 0.9399836387290407)
(0.041259765625 0.9399256492983599)
(0.04150390625 0.9398686668854666)
(0.041748046875 0.9398126740029511)
(0.0419921875 0.9397576534670823)
(0.042236328125 0.9397035883925335)
(0.04248046875 0.9396504621872016)
(0.042724609375 0.9395982585471137)
(0.04296875 0.9395469614514247)
(0.043212890625 0.9394965551575001)
(0.04345703125 0.939447024196085)
(0.043701171875 0.9393983533665562)
(0.0439453125 0.939350527732258)
(0.044189453125 0.9393035326159176)
(0.04443359375 0.9392573535951411)
(0.044677734375 0.9392119764979874)
(0.044921875 0.9391673873986186)
(0.045166015625 0.939123572613027)
(0.04541015625 0.939080518694835)
(0.045654296875 0.9390382124311683)
(0.0458984375 0.9389966408386018)
(0.046142578125 0.9389557911591744)
(0.04638671875 0.938915650856474)
(0.046630859375 0.9388762076117901)
(0.046875 0.9388374493203334)
(0.047119140625 0.9387993640875208)
(0.04736328125 0.9387619402253249)
(0.0478515625 0.938689025374908)
(0.04833984375 0.938618621136852)
(0.048828125 0.9385506410654644)
(0.04931640625 0.9384850016915605)
(0.0498046875 0.9384216224199767)
(0.05029296875 0.9383604254306122)
(0.05078125 0.9383013355828763)
(0.05126953125 0.9382442803234285)
(0.0517578125 0.9381891895970935)
(0.05224609375 0.9381359957608437)
(0.052734375 0.9380846335007446)
(0.05322265625 0.9380350397517582)
(0.0537109375 0.9379871536203097)
(0.05419921875 0.9379409163095189)
(0.0546875 0.9378962710470063)
(0.05517578125 0.9378531630151861)
(0.0556640625 0.9378115392839574)
(0.05615234375 0.9377713487457151)
(0.056640625 0.9377325420525966)
(0.05712890625 0.937695071555891)
(0.0576171875 0.9376588912475333)
(0.05810546875 0.937623956703613)
(0.05859375 0.9375902250298294)
(0.05908203125 0.9375576548088226)
(0.0595703125 0.9375262060493206)
(0.06005859375 0.937495840137035)
(0.060546875 0.9374665197872493)
(0.06103515625 0.9374382089990383)
(0.0615234375 0.9374108730110648)
(0.06201171875 0.9373844782588984)
(0.0625 0.937358992333802)
(0.06298828125 0.9373343839429408)
(0.0634765625 0.9373106228709578)
(0.06396484375 0.9372876799428748)
(0.064453125 0.9372655269882696)
(0.06494140625 0.9372441368066874)
(0.0654296875 0.9372234831342424)
(0.06640625 0.9371842731301336)
(0.0673828125 0.9371477175931179)
(0.068359375 0.9371136368191759)
(0.0693359375 0.9370818632700206)
(0.0703125 0.9370522407494921)
(0.0712890625 0.9370246236357105)
(0.072265625 0.9369988761652104)
(0.0732421875 0.936974871765539)
(0.07421875 0.936952492433036)
(0.0751953125 0.9369316281527379)
(0.076171875 0.936912176357553)
(0.0771484375 0.9368940414240499)
(0.078125 0.9368771342023812)
(0.0791015625 0.9368613715780293)
(0.080078125 0.9368466760632231)
(0.0810546875 0.9368329754160143)
(0.08203125 0.9368202022851413)
(0.083984375 0.9367971652613051)
(0.0849609375 0.936786816432246)
(0.0859375 0.9367771682057284)
(0.087890625 0.936759767113871)
(0.08984375 0.9367446449454507)
(0.091796875 0.9367315032426736)
(0.09375 0.936720082635083)
(0.095703125 0.9367101577205118)
(0.09765625 0.9367015326164467)
(0.099609375 0.9366940370940052)
(0.1015625 0.9366875232182239)
(0.103515625 0.9366818624283497)
(0.10546875 0.9366769430005083)
(0.109375 0.9366689181685858)
(0.11328125 0.9366628660913414)
(0.1171875 0.9366583018040867)
(0.12109375 0.9366548595615919)
(0.125 0.9366522635302288)
(0.12890625 0.9366503056849005)
(0.1328125 0.9366488291395971)
(0.140625 0.9366468457967166)
(0.1484375 0.9366457308533828)
(0.15625 0.9366451040891113)
(0.171875 0.9366445260647718)
(0.1875 0.936644363954351)
(0.25 0.9366442733069936)
(0.5 0.9366443207820847)
(1.0 0.9366442798188773)
(2.0 0.9366443180229082)
(3.0 0.9366442814842014)
(4.0 0.9366443164652711)
(5.0 0.9366442829392497)
(6.0 0.9366443151080213)
(7.0 0.9366442842031985)
(8.0 0.9366443139331548)
(9.0 0.9366442852929369)
(10.0 0.9366443129248422)
(11.0 0.9366442862232861)
(12.0 0.9366443120692225)
(13.0 0.9366442870071924)
(14.0 0.9366443113542213)
(15.0 0.936644287655898)
(16.0 0.9366443107693913)
(17.0 0.9366442881790912)
(18.0 0.9366443103057703)
(19.0 0.9366442885850381)
(20.0 0.9366443099557589))