((-50.0 -0.03664431841189046)
(-49.0 -0.03664431849609912)
(-48.0 -0.036644318412826594)
(-47.0 -0.03664431849537025)
(-46.0 -0.036644318413352694)
(-45.0 -0.03664431849504295)
(-44.0 -0.036644318413484624)
(-43.0 -0.03664431849510346)
(-42.0 -0.03664431841323413)
(-41.0 -0.036644318495541964)
(-40.0 -0.036644318412609116)
(-39.0 -0.03664431849635244)
(-38.0 -0.03664431841161378)
(-37.0 -0.03664431849753248)
(-36.0 -0.03664431841024876)
(-35.0 -0.03664431849908317)
(-34.0 -0.03664431840851127)
(-33.0 -0.036644318501009014)
(-32.0 -0.03664431840639511)
(-31.0 -0.03664431850331788)
(-30.0 -0.03664431840389073)
(-29.0 -0.036644318506021)
(-28.0 -0.03664431840098523)
(-27.0 -0.03664431850913294)
(-26.0 -0.03664431839766235)
(-25.0 -0.0366443185126717)
(-24.0 -0.03664431839390234)
(-23.0 -0.03664431851665876)
(-22.0 -0.03664431838968196)
(-21.0 -0.03664431852111919)
(-20.0 -0.036644318384974284)
(-19.0 -0.03664431852608179)
(-18.0 -0.03664431837974859)
(-17.0 -0.03664431853157926)
(-16.0 -0.036644318373970156)
(-15.0 -0.03664431853764839)
(-14.0 -0.03664431836760005)
(-13.0 -0.036644318544330305)
(-12.0 -0.0366443183605949)
(-11.0 -0.0366443185516707)
(-10.0 -0.03664431835290673)
(-9.0 -0.03664431855971929)
(-8.0 -0.03664431834448813)
(-7.0 -0.03664431856849439)
(-6.0 -0.03664431833552302)
(-5.0 -0.03664431857649075)
(-4.0 -0.03664431833606821)
(-3.0 -0.03664431851839601)
(-2.75 -0.036644317406465426)
(-2.5 -0.03664431353872155)
(-2.375 -0.036644303876349434)
(-2.25 -0.036644287092009314)
(-2.125 -0.03664424025423209)
(-2.0625 -0.0366441953329232)
(-2.0 -0.0366441312437754)
(-1.9375 -0.03664402918871968)
(-1.875 -0.03664387779121616)
(-1.8125 -0.03664363564302584)
(-1.78125 -0.036643468356111646)
(-1.75 -0.03664326590166765)
(-1.71875 -0.03664301473204059)
(-1.6875 -0.036642703713268755)
(-1.65625 -0.03664231824942445)
(-1.625 -0.03664184203586078)
(-1.59375 -0.03664124591993957)
(-1.578125 -0.03664089579079359)
(-1.5625 -0.036640508611200884)
(-1.546875 -0.0366400783242169)
(-1.53125 -0.03663959960334726)
(-1.515625 -0.03663906684632788)
(-1.5 -0.03663847376288869)
(-1.484375 -0.03663781243636454)
(-1.4765625 -0.03663745449653592)
(-1.46875 -0.036637077969243786)
(-1.453125 -0.03663625970466696)
(-1.4453125 -0.036635815938210164)
(-1.4375 -0.03663534830388758)
(-1.4296875 -0.036634855252463634)
(-1.421875 -0.03663433526117199)
(-1.4140625 -0.03663378678301065)
(-1.40625 -0.036633208217614635)
(-1.3984375 -0.0366325978935246)
(-1.390625 -0.0366319540564088)
(-1.3828125 -0.036631274860327835)
(-1.375 -0.036630558360483303)
(-1.3671875 -0.036629802506612345)
(-1.359375 -0.03662900513657427)
(-1.3515625 -0.036628163969879286)
(-1.34375 -0.03662727660101771)
(-1.3359375 -0.03662634049250462)
(-1.328125 -0.036625352967583874)
(-1.3203125 -0.0366243112025487)
(-1.3125 -0.036623212218639394)
(-1.3046875 -0.03662205287347245)
(-1.296875 -0.03662082985193607)
(-1.2890625 -0.03661953965644213)
(-1.28125 -0.03661817859632607)
(-1.2734375 -0.036616742775972544)
(-1.265625 -0.03661522808078054)
(-1.2578125 -0.03661363015907332)
(-1.25 -0.036611944395865695)
(-1.2421875 -0.036610165869632505)
(-1.234375 -0.03660828927284648)
(-1.2265625 -0.036606308754480385)
(-1.22265625 -0.03660527811506975)
(-1.21875 -0.036604219823545864)
(-1.21484375 -0.036603133089212245)
(-1.2109375 -0.03660201712450989)
(-1.20703125 -0.03660087114470077)
(-1.203125 -0.03659969437041976)
(-1.1953125 -0.03659724290401762)
(-1.19140625 -0.0365959668407868)
(-1.1875 -0.03659465636949035)
(-1.18359375 -0.036593310516283103)
(-1.1796875 -0.03659192829215819)
(-1.17578125 -0.03659050868957484)
(-1.171875 -0.036589050679778905)
(-1.16796875 -0.03658755321062778)
(-1.1640625 -0.03658601520478095)
(-1.16015625 -0.03658443555815373)
(-1.15625 -0.03658281313855897)
(-1.15234375 -0.0365811467844808)
(-1.1484375 -0.03657943530393951)
(-1.14453125 -0.0365776774734171)
(-1.140625 -0.036575872036820875)
(-1.13671875 -0.03657401770446853)
(-1.1328125 -0.0365721131520821)
(-1.12890625 -0.03657015701978141)
(-1.125 -0.03656814791107012)
(-1.12109375 -0.03656608439180877)
(-1.1171875 -0.03656396498917087)
(-1.11328125 -0.03656178819057864)
(-1.109375 -0.036559552442615925)
(-1.10546875 -0.03655725614991607)
(-1.1015625 -0.03655489767402306)
(-1.09765625 -0.036552475332224395)
(-1.09375 -0.036549987396354275)
(-1.08984375 -0.03654743209156603)
(-1.0859375 -0.03654480759507247)
(-1.08203125 -0.036542112034853275)
(-1.078125 -0.03653934348832817)
(-1.07421875 -0.03653649998099506)
(-1.0703125 -0.03653357948503194)
(-1.06640625 -0.03653057991786165)
(-1.0625 -0.036527499140678425)
(-1.05859375 -0.0365243349569352)
(-1.0546875 -0.03652108511079058)
(-1.05078125 -0.036517747285514365)
(-1.046875 -0.03651431910185063)
(-1.04296875 -0.03651079811633703)
(-1.0390625 -0.036507181819579335)
(-1.03515625 -0.03650346763447985)
(-1.03125 -0.0364996529144184)
(-1.02734375 -0.036495734941384736)
(-1.0234375 -0.036491710924060665)
(-1.01953125 -0.03648757799585062)
(-1.015625 -0.03648333321285886)
(-1.01171875 -0.0364789735518115)
(-1.0078125 -0.03647449590792121)
(-1.00390625 -0.03646989709269222)
(-1.0 -0.0364651738316625)
(-0.99609375 -0.03646032276207953)
(-0.9921875 -0.0364553404305048)
(-0.98828125 -0.036450223290340915)
(-0.984375 -0.036444967699272704)
(-0.98046875 -0.03643956991661095)
(-0.9765625 -0.03643402610052251)
(-0.97265625 -0.036428332305124156)
(-0.96875 -0.03642248447740795)
(-0.96484375 -0.03641647845395187)
(-0.9609375 -0.036410309957349354)
(-0.95703125 -0.03640397459226211)
(-0.953125 -0.036397467840957695)
(-0.94921875 -0.036390785058131384)
(-0.9453125 -0.03638392146472179)
(-0.94140625 -0.03637687214029814)
(-0.9375 -0.036369632013406566)
(-0.93359375 -0.03636219584898522)
(-0.9296875 -0.036354558231554285)
(-0.92578125 -0.036346713542300166)
(-0.923828125 -0.03634271209907497)
(-0.921875 -0.03633865706036345)
(-0.919921875 -0.03633454769039807)
(-0.91796875 -0.03633038324617016)
(-0.916015625 -0.036326162976971395)
(-0.9140625 -0.03632188612398063)
(-0.912109375 -0.03631755191988957)
(-0.91015625 -0.036313159588561406)
(-0.908203125 -0.03630870834471751)
(-0.90625 -0.03630419739364807)
(-0.904296875 -0.03629962593094285)
(-0.90234375 -0.036294993142239086)
(-0.900390625 -0.036290298202983746)
(-0.8984375 -0.03628554027820791)
(-0.896484375 -0.03628071852231122)
(-0.89453125 -0.03627583207885468)
(-0.892578125 -0.03627088008036049)
(-0.890625 -0.03626586164811737)
(-0.888671875 -0.036260775891990546)
(-0.88671875 -0.03625562191023535)
(-0.884765625 -0.036250398789313534)
(-0.8828125 -0.03624510560371184)
(-0.880859375 -0.036239741415761924)
(-0.87890625 -0.036234305275461384)
(-0.876953125 -0.036228796220295206)
(-0.875 -0.036223213275057495)
(-0.873046875 -0.036217555451672837)
(-0.87109375 -0.03621182174901733)
(-0.869140625 -0.03620601115273876)
(-0.8671875 -0.03620012263507583)
(-0.865234375 -0.03619415515467625)
(-0.86328125 -0.036188107656413435)
(-0.861328125 -0.03618197907120176)
(-0.859375 -0.03617576831581017)
(-0.857421875 -0.036169474292674)
(-0.85546875 -0.036163095889705045)
(-0.853515625 -0.03615663198009955)
(-0.8515625 -0.036150081422144306)
(-0.849609375 -0.036143443059020515)
(-0.84765625 -0.036136715718605564)
(-0.845703125 -0.0361298982132725)
(-0.84375 -0.03612298933968722)
(-0.841796875 -0.036115987878603296)
(-0.83984375 -0.03610889259465439)
(-0.837890625 -0.036101702236144194)
(-0.8359375 -0.03609441553483389)
(-0.833984375 -0.03608703120572702)
(-0.83203125 -0.036079547946851774)
(-0.830078125 -0.03607196443904066)
(-0.828125 -0.03606427934570749)
(-0.826171875 -0.03605649131262159)
(-0.82421875 -0.03604859896767938)
(-0.822265625 -0.036040600920673044)
(-0.8203125 -0.036032495763056414)
(-0.818359375 -0.03602428206770803)
(-0.81640625 -0.036015958388691226)
(-0.814453125 -0.03600752326101132)
(-0.8125 -0.03599897520036985)
(-0.810546875 -0.03599031270291572)
(-0.80859375 -0.03598153424499339)
(-0.806640625 -0.03597263828288791)
(-0.8046875 -0.03596362325256686)
(-0.802734375 -0.03595448756941916)
(-0.80078125 -0.035945229627990544)
(-0.798828125 -0.03593584780171598)
(-0.796875 -0.03592634044264865)
(-0.794921875 -0.035916705881185645)
(-0.79296875 -0.03590694242579033)
(-0.791015625 -0.035897048362711195)
(-0.7890625 -0.0358870219556973)
(-0.787109375 -0.035876861445710125)
(-0.78515625 -0.0358665650506319)
(-0.783203125 -0.03585613096497019)
(-0.78125 -0.03584555735955883)
(-0.779296875 -0.035834842381255005)
(-0.77734375 -0.035823984152632445)
(-0.775390625 -0.03581298077167066)
(-0.7734375 -0.03580183031144003)
(-0.771484375 -0.03579053081978272)
(-0.76953125 -0.0357790803189892)
(-0.767578125 -0.03576747680547023)
(-0.765625 -0.035755718249424175)
(-0.763671875 -0.03574380259449933)
(-0.76171875 -0.03573172775745105)
(-0.759765625 -0.03571949162779344)
(-0.7578125 -0.0357070920674451)
(-0.755859375 -0.03569452691036864)
(-0.75390625 -0.0356817939622034)
(-0.751953125 -0.035668890999890755)
(-0.75 -0.035655815771291365)
(-0.748046875 -0.03564256599479346)
(-0.74609375 -0.035629139358911106)
(-0.744140625 -0.03561553352187139)
(-0.7421875 -0.035601746111188874)
(-0.740234375 -0.0355877747232257)
(-0.73828125 -0.03557361692273522)
(-0.736328125 -0.03555927024238661)
(-0.734375 -0.03554473218226747)
(-0.732421875 -0.0355300002093608)
(-0.73046875 -0.035515071756991895)
(-0.728515625 -0.035499944224240104)
(-0.7265625 -0.03548461497530888)
(-0.724609375 -0.0354690813388468)
(-0.72265625 -0.035453340607210226)
(-0.720703125 -0.03543739003565678)
(-0.71875 -0.03542122684145627)
(-0.716796875 -0.035404848202903266)
(-0.71484375 -0.035388251258212135)
(-0.712890625 -0.03537143310427157)
(-0.7109375 -0.03535439079523072)
(-0.7099609375 -0.03534578479209949)
(-0.708984375 -0.035337121723546264)
(-0.7080078125 -0.03532840121244997)
(-0.70703125 -0.035319622879469166)
(-0.7060546875 -0.0353107863430141)
(-0.705078125 -0.035301891219219665)
(-0.7041015625 -0.035292937121919214)
(-0.703125 -0.035283923662619066)
(-0.7021484375 -0.035274850450473766)
(-0.701171875 -0.035265717092262006)
(-0.7001953125 -0.03525652319236304)
(-0.69921875 -0.03524726835273376)
(-0.6982421875 -0.03523795217288614)
(-0.697265625 -0.03522857424986527)
(-0.6962890625 -0.03521913417822767)
(-0.6953125 -0.035209631550020035)
(-0.6943359375 -0.03520006595475837)
(-0.693359375 -0.03519043697940735)
(-0.6923828125 -0.03518074420836002)
(-0.69140625 -0.0351709872234177)
(-0.6904296875 -0.03516116560377021)
(-0.689453125 -0.03515127892597617)
(-0.6884765625 -0.035141326763943624)
(-0.6875 -0.035131308688910706)
(-0.6865234375 -0.03512122426942654)
(-0.685546875 -0.03511107307133226)
(-0.6845703125 -0.03510085465774206)
(-0.68359375 -0.03509056858902447)
(-0.6826171875 -0.03508021442278361)
(-0.681640625 -0.035069791713840615)
(-0.6806640625 -0.03505930001421499)
(-0.6796875 -0.035048738873106174)
(-0.6787109375 -0.035038107836875)
(-0.677734375 -0.03502740644902527)
(-0.6767578125 -0.03501663425018538)
(-0.67578125 -0.0350057907780898)
(-0.6748046875 -0.0349948755675608)
(-0.673828125 -0.034983888150489945)
(-0.6728515625 -0.03497282805581974)
(-0.671875 -0.03496169480952519)
(-0.6708984375 -0.034950487934595355)
(-0.669921875 -0.0349392069510149)
(-0.6689453125 -0.03492785137574558)
(-0.66796875 -0.03491642072270775)
(-0.6669921875 -0.03490491450276176)
(-0.666015625 -0.034893332223689386)
(-0.6650390625 -0.03488167339017517)
(-0.6640625 -0.03486993750378772)
(-0.6630859375 -0.03485812406296098)
(-0.662109375 -0.034846232562975414)
(-0.6611328125 -0.034834262495939176)
(-0.66015625 -0.03482221335076918)
(-0.6591796875 -0.034810084613172115)
(-0.658203125 -0.03479787576562545)
(-0.6572265625 -0.03478558628735829)
(-0.65625 -0.034773215654332224)
(-0.6552734375 -0.034760763339222116)
(-0.654296875 -0.034748228811396754)
(-0.6533203125 -0.03473561153689951)
(-0.65234375 -0.034722910978428875)
(-0.6513671875 -0.034710126595318934)
(-0.650390625 -0.03469725784351978)
(-0.6494140625 -0.034684304175577836)
(-0.6484375 -0.034671265040616094)
(-0.6474609375 -0.034658139884314314)
(-0.646484375 -0.03464492814888909)
(-0.6455078125 -0.03463162927307386)
(-0.64453125 -0.03461824269209887)
(-0.6435546875 -0.03460476783767102)
(-0.642578125 -0.034591204137953586)
(-0.6416015625 -0.034577551017546)
(-0.640625 -0.034563807897463356)
(-0.6396484375 -0.034549974195116025)
(-0.638671875 -0.03453604932428903)
(-0.6376953125 -0.03452203269512145)
(-0.63671875 -0.03450792371408564)
(-0.6357421875 -0.034493721783966494)
(-0.634765625 -0.034479426303840474)
(-0.6337890625 -0.03446503666905468)
(-0.6328125 -0.03445055227120577)
(-0.6318359375 -0.0344359724981188)
(-0.630859375 -0.03442129673382601)
(-0.6298828125 -0.03440652435854549)
(-0.62890625 -0.034391654748659774)
(-0.6279296875 -0.034376687276694344)
(-0.626953125 -0.03436162131129607)
(-0.6259765625 -0.034346456217211524)
(-0.625 -0.03433119135526526)
(-0.6240234375 -0.03431582608233796)
(-0.623046875 -0.03430035975134451)
(-0.6220703125 -0.03428479171121202)
(-0.62109375 -0.034269121306857726)
(-0.6201171875 -0.03425334787916679)
(-0.619140625 -0.03423747076497007)
(-0.6181640625 -0.034221489297021776)
(-0.6171875 -0.034205402803977)
(-0.6162109375 -0.03418921061036926)
(-0.615234375 -0.034172912036587864)
(-0.6142578125 -0.03415650639885523)
(-0.61328125 -0.03413999300920413)
(-0.6123046875 -0.03412337117545484)
(-0.611328125 -0.03410664020119219)
(-0.6103515625 -0.03408979938574255)
(-0.609375 -0.034072848024150774)
(-0.6083984375 -0.034055785407156945)
(-0.607421875 -0.03403861082117316)
(-0.6064453125 -0.034021323548260166)
(-0.60546875 -0.034003922866103944)
(-0.6044921875 -0.03398640804799218)
(-0.603515625 -0.0339687783627907)
(-0.6025390625 -0.033951033074919756)
(-0.6015625 -0.033933171444330334)
(-0.6005859375 -0.03391519272648028)
(-0.599609375 -0.03389709617231041)
(-0.5986328125 -0.0338788810282205)
(-0.59765625 -0.033860546536045255)
(-0.5966796875 -0.03384209193303012)
(-0.595703125 -0.03382351645180711)
(-0.5947265625 -0.033804819320370466)
(-0.59375 -0.03378599976205229)
(-0.5927734375 -0.03376705699549813)
(-0.591796875 -0.0337479902346424)
(-0.5908203125 -0.03372879868868382)
(-0.58984375 -0.03370948156206072)
(-0.5888671875 -0.033690038054426295)
(-0.587890625 -0.033670467360623804)
(-0.5869140625 -0.033650768670661635)
(-0.5859375 -0.03363094116968839)
(-0.5849609375 -0.0336109840379678)
(-0.583984375 -0.03359089645085364)
(-0.5830078125 -0.033570677578764564)
(-0.58203125 -0.03355032658715883)
(-0.5810546875 -0.03352984263650899)
(-0.580078125 -0.033509224882276534)
(-0.5791015625 -0.03348847247488639)
(-0.578125 -0.033467584559701447)
(-0.5771484375 -0.03344656027699693)
(-0.576171875 -0.03342539876193479)
(-0.5751953125 -0.03340409914453794)
(-0.57421875 -0.03338266054966449)
(-0.5732421875 -0.033361082096981916)
(-0.572265625 -0.03333936290094112)
(-0.5712890625 -0.033317502070750474)
(-0.5703125 -0.03329549871034975)
(-0.5693359375 -0.033273351918384056)
(-0.568359375 -0.033251060788177626)
(-0.5673828125 -0.03322862440770763)
(-0.56640625 -0.03320604185957784)
(-0.5654296875 -0.033183312220992314)
(-0.564453125 -0.033160434563728955)
(-0.5634765625 -0.033137407954113025)
(-0.5625 -0.03311423145299062)
(-0.5615234375 -0.03309090411570202)
(-0.560546875 -0.03306742499205508)
(-0.5595703125 -0.03304379312629844)
(-0.55859375 -0.03302000755709473)
(-0.5576171875 -0.0329960673174937)
(-0.556640625 -0.032971971434905295)
(-0.5556640625 -0.03294771893107262)
(-0.5546875 -0.03292330882204489)
(-0.5537109375 -0.032898740118150215)
(-0.552734375 -0.03287401182396844)
(-0.5517578125 -0.03284912293830377)
(-0.55078125 -0.032824072454157416)
(-0.5498046875 -0.032798859358700076)
(-0.548828125 -0.03277348263324441)
(-0.5478515625 -0.0327479412532173)
(-0.546875 -0.03272223418813215)
(-0.5458984375 -0.03269636040156097)
(-0.544921875 -0.032670318851106404)
(-0.5439453125 -0.032644108488373576)
(-0.54296875 -0.032617728258941894)
(-0.5419921875 -0.03259117710233665)
(-0.541015625 -0.03256445395200048)
(-0.5400390625 -0.03253755773526466)
(-0.5390625 -0.03251048737332027)
(-0.5380859375 -0.032483241781189075)
(-0.537109375 -0.03245581986769432)
(-0.5361328125 -0.03242822053543119)
(-0.53515625 -0.032400442680737114)
(-0.5341796875 -0.032372485193661725)
(-0.533203125 -0.03234434695793659)
(-0.5322265625 -0.032316026850944604)
(-0.53125 -0.03228752374368903)
(-0.5302734375 -0.032258836500762174)
(-0.529296875 -0.03222996398031361)
(-0.5283203125 -0.03220090503401801)
(-0.52734375 -0.032171658507042414)
(-0.5263671875 -0.03214222323801299)
(-0.525390625 -0.03211259805898119)
(-0.5244140625 -0.03208278179538922)
(-0.5234375 -0.03205277326603481)
(-0.5224609375 -0.03202257128303522)
(-0.521484375 -0.03199217465179027)
(-0.5205078125 -0.031961582170944546)
(-0.51953125 -0.03193079263234841)
(-0.5185546875 -0.03189980482101799)
(-0.517578125 -0.0318686175150938)
(-0.5166015625 -0.031837229485798)
(-0.515625 -0.0318056394973901)
(-0.5146484375 -0.031773846307120976)
(-0.513671875 -0.03174184866518508)
(-0.5126953125 -0.031709645314670507)
(-0.51171875 -0.031677234991506945)
(-0.5107421875 -0.031644616424411035)
(-0.509765625 -0.031611788334829104)
(-0.5087890625 -0.03157874943687692)
(-0.50830078125 -0.03156215058221983)
(-0.5078125 -0.03154549856232819)
(-0.50732421875 -0.03152879321474992)
(-0.5068359375 -0.031512034376605914)
(-0.50634765625 -0.031495221884588795)
(-0.505859375 -0.031478355574961744)
(-0.50537109375 -0.031461435283557306)
(-0.5048828125 -0.03144446084577622)
(-0.50439453125 -0.03142743209658628)
(-0.50390625 -0.03141034887052118)
(-0.50341796875 -0.03139321100167944)
(-0.5029296875 -0.03137601832372325)
(-0.50244140625 -0.031358770669877405)
(-0.501953125 -0.031341467872928234)
(-0.50146484375 -0.03132410976522253)
(-0.5009765625 -0.031306696178666486)
(-0.50048828125 -0.031289226944724684)
(-0.5 -0.03127170189441905)
(-0.49951171875 -0.031254120858327857)
(-0.4990234375 -0.0312364836665847)
(-0.49853515625 -0.031218790148877518)
(-0.498046875 -0.031201040134447623)
(-0.49755859375 -0.031183233452088715)
(-0.4970703125 -0.031165369930145938)
(-0.49658203125 -0.03114744939651492)
(-0.49609375 -0.031129471678640833)
(-0.49560546875 -0.031111436603517475)
(-0.4951171875 -0.031093343997686335)
(-0.49462890625 -0.031075193687235707)
(-0.494140625 -0.031056985497799755)
(-0.49365234375 -0.03103871925455765)
(-0.4931640625 -0.031020394782232657)
(-0.49267578125 -0.031002011905091297)
(-0.4921875 -0.030983570446942433)
(-0.49169921875 -0.030965070231136455)
(-0.4912109375 -0.030946511080564388)
(-0.49072265625 -0.030927892817657086)
(-0.490234375 -0.03090921526438436)
(-0.48974609375 -0.030890478242254174)
(-0.4892578125 -0.03087168157231181)
(-0.48876953125 -0.030852825075139062)
(-0.48828125 -0.03083390857085342)
(-0.48779296875 -0.03081493187910728)
(-0.4873046875 -0.03079589481908714)
(-0.48681640625 -0.03077679720951281)
(-0.486328125 -0.030757638868636656)
(-0.48583984375 -0.030738419614242795)
(-0.4853515625 -0.030719139263646354)
(-0.48486328125 -0.030699797633692686)
(-0.484375 -0.03068039454075664)
(-0.48388671875 -0.030660929800741796)
(-0.4833984375 -0.03064140322907973)
(-0.48291015625 -0.030621814640729272)
(-0.482421875 -0.030602163850175796)
(-0.48193359375 -0.03058245067143047)
(-0.4814453125 -0.03056267491802956)
(-0.48095703125 -0.030542836403033707)
(-0.48046875 -0.030522934939027233)
(-0.47998046875 -0.030502970338117427)
(-0.4794921875 -0.030482942411933864)
(-0.47900390625 -0.03046285097162772)
(-0.478515625 -0.030442695827871073)
(-0.47802734375 -0.030422476790856245)
(-0.4775390625 -0.030402193670295133)
(-0.47705078125 -0.030381846275418525)
(-0.4765625 -0.030361434414975467)
(-0.47607421875 -0.030340957897232592)
(-0.4755859375 -0.030320416529973488)
(-0.47509765625 -0.03029981012049804)
(-0.474609375 -0.030279138475621813)
(-0.47412109375 -0.03025840140167541)
(-0.4736328125 -0.03023759870450386)
(-0.47314453125 -0.030216730189465982)
(-0.47265625 -0.0301957956614338)
(-0.47216796875 -0.03017479492479191)
(-0.4716796875 -0.0301537277834369)
(-0.47119140625 -0.03013259404077674)
(-0.470703125 -0.030111393499730202)
(-0.47021484375 -0.030090125962726286)
(-0.4697265625 -0.030068791231703623)
(-0.46923828125 -0.03004738910810992)
(-0.46875 -0.03002591939290139)
(-0.46826171875 -0.03000438188654219)
(-0.4677734375 -0.029982776389003877)
(-0.46728515625 -0.029961102699764847)
(-0.466796875 -0.02993936061780981)
(-0.46630859375 -0.02991754994162924)
(-0.4658203125 -0.029895670469218868)
(-0.46533203125 -0.029873721998079125)
(-0.46484375 -0.02985170432521466)
(-0.46435546875 -0.029829617247133813)
(-0.4638671875 -0.029807460559848113)
(-0.46337890625 -0.029785234058871783)
(-0.462890625 -0.029762937539221244)
(-0.46240234375 -0.029740570795414634)
(-0.4619140625 -0.02971813362147133)
(-0.46142578125 -0.02969562581091147)
(-0.4609375 -0.029673047156755502)
(-0.46044921875 -0.0296503974515237)
(-0.4599609375 -0.02962767648723574)
(-0.45947265625 -0.029604884055410237)
(-0.458984375 -0.02958201994706431)
(-0.45849609375 -0.029559083952713144)
(-0.4580078125 -0.029536075862369577)
(-0.45751953125 -0.029512995465543677)
(-0.45703125 -0.029489842551242318)
(-0.45654296875 -0.0294666169079688)
(-0.4560546875 -0.029443318323722417)
(-0.45556640625 -0.02941994658599811)
(-0.455078125 -0.02939650148178604)
(-0.45458984375 -0.02937298279757124)
(-0.4541015625 -0.029349390319333243)
(-0.45361328125 -0.029325723832545707)
(-0.453125 -0.029301983122176068)
(-0.45263671875 -0.0292781679726852)
(-0.4521484375 -0.029254278168027073)
(-0.45166015625 -0.029230313491648403)
(-0.451171875 -0.02920627372648836)
(-0.45068359375 -0.02918215865497823)
(-0.4501953125 -0.029157968059041108)
(-0.44970703125 -0.029133701720091602)
(-0.44921875 -0.02910935941903554)
(-0.44873046875 -0.029084940936269687)
(-0.4482421875 -0.029060446051681458)
(-0.44775390625 -0.02903587454464867)
(-0.447265625 -0.029011226194039254)
(-0.44677734375 -0.02898650077821103)
(-0.4462890625 -0.02896169807501144)
(-0.44580078125 -0.02893681786177733)
(-0.4453125 -0.028911859915334723)
(-0.44482421875 -0.028886824011998578)
(-0.4443359375 -0.02886170992757261)
(-0.44384765625 -0.028836517437349073)
(-0.443359375 -0.02881124631610857)
(-0.44287109375 -0.028785896338119864)
(-0.4423828125 -0.028760467277139726)
(-0.44189453125 -0.028734958906412745)
(-0.44140625 -0.028709370998671175)
(-0.44091796875 -0.028683703326134808)
(-0.4404296875 -0.02865795566051081)
(-0.43994140625 -0.028632127772993617)
(-0.439453125 -0.0286062194342648)
(-0.43896484375 -0.028580230414492955)
(-0.4384765625 -0.02855416048333362)
(-0.43798828125 -0.028528009409929167)
(-0.4375 -0.028501776962908728)
(-0.43701171875 -0.028475462910388133)
(-0.4365234375 -0.02844906701996984)
(-0.43603515625 -0.028422589058742884)
(-0.435546875 -0.028396028793282846)
(-0.43505859375 -0.028369385989651812)
(-0.4345703125 -0.02834266041339837)
(-0.43408203125 -0.02831585182955758)
(-0.43359375 -0.028288960002650985)
(-0.43310546875 -0.028261984696686636)
(-0.4326171875 -0.028234925675159096)
(-0.43212890625 -0.02820778270104948)
(-0.431640625 -0.028180555536825504)
(-0.43115234375 -0.02815324394444153)
(-0.4306640625 -0.02812584768533865)
(-0.43017578125 -0.028098366520444742)
(-0.4296875 -0.028070800210174576)
(-0.42919921875 -0.028043148514429912)
(-0.4287109375 -0.0280154111925996)
(-0.42822265625 -0.027987588003559723)
(-0.427734375 -0.02795967870567371)
(-0.42724609375 -0.0279316830567925)
(-0.4267578125 -0.027903600814254696)
(-0.42626953125 -0.027875431734886734)
(-0.42578125 -0.027847175575003068)
(-0.42529296875 -0.02781883209040636)
(-0.4248046875 -0.027790401036387694)
(-0.42431640625 -0.027761882167726792)
(-0.423828125 -0.02773327523869225)
(-0.42333984375 -0.027704580003041778)
(-0.4228515625 -0.027675796214022455)
(-0.42236328125 -0.027646923624371017)
(-0.421875 -0.027617961986314117)
(-0.42138671875 -0.027588911051568635)
(-0.4208984375 -0.027559770571341985)
(-0.42041015625 -0.02753054029633244)
(-0.419921875 -0.02750121997672946)
(-0.41943359375 -0.027471809362214057)
(-0.4189453125 -0.027442308201959136)
(-0.41845703125 -0.0274127162446299)
(-0.41796875 -0.02738303323838421)
(-0.41748046875 -0.027353258930873023)
(-0.4169921875 -0.027323393069240778)
(-0.41650390625 -0.027293435400125854)
(-0.416015625 -0.027263385669661005)
(-0.41552734375 -0.02723324362347383)
(-0.4150390625 -0.027203009006687234)
(-0.41455078125 -0.027172681563919943)
(-0.4140625 -0.027142261039286984)
(-0.41357421875 -0.02711174717640023)
(-0.4130859375 -0.02708113971836891)
(-0.41259765625 -0.027050438407800182)
(-0.412109375 -0.027019642986799694)
(-0.41162109375 -0.02698875319697215)
(-0.4111328125 -0.02695776877942194)
(-0.41064453125 -0.02692668947475371)
(-0.41015625 -0.02689551502307302)
(-0.40966796875 -0.026864245163986993)
(-0.4091796875 -0.02683287963660495)
(-0.40869140625 -0.0268014181795391)
(-0.408203125 -0.02676986053090524)
(-0.40771484375 -0.02673820642832345)
(-0.4072265625 -0.026706455608918836)
(-0.40673828125 -0.026674607809322255)
(-0.40625 -0.026642662765671076)
(-0.40576171875 -0.026610620213609982)
(-0.4052734375 -0.02657847988829172)
(-0.40478515625 -0.02654624152437795)
(-0.404296875 -0.026513904856040053)
(-0.40380859375 -0.02648146961695998)
(-0.4033203125 -0.026448935540331123)
(-0.40283203125 -0.026416302358859185)
(-0.40234375 -0.026383569804763078)
(-0.40185546875 -0.026350737609775854)
(-0.4013671875 -0.02631780550514562)
(-0.40087890625 -0.026284773221636512)
(-0.400390625 -0.026251640489529653)
(-0.39990234375 -0.026218407038624145)
(-0.3994140625 -0.02618507259823808)
(-0.39892578125 -0.026151636897209573)
(-0.3984375 -0.026118099663897797)
(-0.39794921875 -0.026084460626184063)
(-0.3974609375 -0.026050719511472892)
(-0.39697265625 -0.026016876046693133)
(-0.396484375 -0.025982929958299084)
(-0.39599609375 -0.025948880972271625)
(-0.3955078125 -0.025914728814119395)
(-0.39501953125 -0.02588047320887998)
(-0.39453125 -0.025846113881121104)
(-0.39404296875 -0.025811650554941862)
(-0.3935546875 -0.025777082953973966)
(-0.39306640625 -0.025742410801383012)
(-0.392578125 -0.025707633819869766)
(-0.39208984375 -0.025672751731671467)
(-0.3916015625 -0.025637764258563164)
(-0.39111328125 -0.025602671121859065)
(-0.390625 -0.025567472042413907)
(-0.39013671875 -0.025532166740624355)
(-0.3896484375 -0.025496754936430412)
(-0.38916015625 -0.02546123634931686)
(-0.388671875 -0.025425610698314713)
(-0.38818359375 -0.02538987770200271)
(-0.3876953125 -0.025354037078508817)
(-0.38720703125 -0.025318088545511746)
(-0.38671875 -0.025282031820242516)
(-0.38623046875 -0.02524586661948602)
(-0.3857421875 -0.02520959265958262)
(-0.38525390625 -0.025173209656429767)
(-0.384765625 -0.025136717325483653)
(-0.38427734375 -0.025100115381760862)
(-0.3837890625 -0.025063403539840066)
(-0.38330078125 -0.02502658151386376)
(-0.3828125 -0.024989649017539955)
(-0.38232421875 -0.024952605764143994)
(-0.3818359375 -0.024915451466520293)
(-0.38134765625 -0.024878185837084187)
(-0.380859375 -0.024840808587823747)
(-0.38037109375 -0.024803319430301646)
(-0.3798828125 -0.024765718075657056)
(-0.37939453125 -0.024728004234607543)
(-0.37890625 -0.02469017761745102)
(-0.37841796875 -0.02465223793406771)
(-0.3779296875 -0.02461418489392212)
(-0.37744140625 -0.024576018206065076)
(-0.376953125 -0.024537737579135757)
(-0.37646484375 -0.02449934272136376)
(-0.3759765625 -0.024460833340571204)
(-0.37548828125 -0.02442220914417484)
(-0.375 -0.02438346983918821)
(-0.37451171875 -0.02434461513222383)
(-0.3740234375 -0.02430564472949537)
(-0.37353515625 -0.024266558336819913)
(-0.373046875 -0.024227355659620187)
(-0.37255859375 -0.024188036402926886)
(-0.3720703125 -0.024148600271380945)
(-0.37158203125 -0.02410904696923592)
(-0.37109375 -0.02406937620036034)
(-0.37060546875 -0.024029587668240107)
(-0.3701171875 -0.023989681075980943)
(-0.36962890625 -0.023949656126310833)
(-0.369140625 -0.02390951252158252)
(-0.36865234375 -0.02386924996377602)
(-0.3681640625 -0.023828868154501175)
(-0.36767578125 -0.023788366795000227)
(-0.3671875 -0.023747745586150427)
(-0.36669921875 -0.02370700422846667)
(-0.3662109375 -0.023666142422104176)
(-0.36572265625 -0.02362515986686117)
(-0.365234375 -0.023584056262181633)
(-0.36474609375 -0.023542831307158046)
(-0.3642578125 -0.0235014847005342)
(-0.36376953125 -0.023460016140708008)
(-0.36328125 -0.023418425325734363)
(-0.36279296875 -0.02337671195332804)
(-0.3623046875 -0.02333487572086659)
(-0.36181640625 -0.023292916325393327)
(-0.361328125 -0.02325083346362029)
(-0.36083984375 -0.02320862683193126)
(-0.3603515625 -0.02316629612638483)
(-0.35986328125 -0.02312384104271748)
(-0.359375 -0.02308126127634669)
(-0.35888671875 -0.023038556522374107)
(-0.3583984375 -0.02299572647558871)
(-0.35791015625 -0.02295277083047005)
(-0.357421875 -0.022909689281191498)
(-0.35693359375 -0.022866481521623534)
(-0.3564453125 -0.02282314724533706)
(-0.35595703125 -0.02277968614560679)
(-0.35546875 -0.022736097915414605)
(-0.35498046875 -0.02269238224745301)
(-0.3544921875 -0.02264853883412859)
(-0.35400390625 -0.02260456736756551)
(-0.353515625 -0.022560467539609063)
(-0.35302734375 -0.022516239041829228)
(-0.3525390625 -0.022471881565524293)
(-0.35205078125 -0.022427394801724496)
(-0.3515625 -0.02238277844119571)
(-0.35107421875 -0.02233803217444317)
(-0.3505859375 -0.02229315569171522)
(-0.35009765625 -0.022248148683007125)
(-0.349609375 -0.022203010838064894)
(-0.34912109375 -0.022157741846389155)
(-0.3486328125 -0.022112341397239076)
(-0.34814453125 -0.022066809179636295)
(-0.34765625 -0.022021144882368938)
(-0.34716796875 -0.02197534819399561)
(-0.3466796875 -0.021929418802849494)
(-0.34619140625 -0.021883356397042447)
(-0.345703125 -0.02183716066446914)
(-0.34521484375 -0.02179083129281125)
(-0.3447265625 -0.021744367969541694)
(-0.34423828125 -0.021697770381928876)
(-0.34375 -0.021651038217041018)
(-0.34326171875 -0.021604171161750504)
(-0.3427734375 -0.021557168902738254)
(-0.34228515625 -0.021510031126498175)
(-0.341796875 -0.02146275751934162)
(-0.34130859375 -0.021415347767401925)
(-0.3408203125 -0.02136780155663893)
(-0.34033203125 -0.021320118572843622)
(-0.33984375 -0.021272298501642743)
(-0.33935546875 -0.021224341028503492)
(-0.3388671875 -0.021176245838738252)
(-0.33837890625 -0.021128012617509354)
(-0.337890625 -0.021079641049833904)
(-0.33740234375 -0.021031130820588634)
(-0.3369140625 -0.020982481614514808)
(-0.33642578125 -0.020933693116223166)
(-0.3359375 -0.020884765010198925)
(-0.33544921875 -0.0208356969808068)
(-0.3349609375 -0.020786488712296113)
(-0.33447265625 -0.020737139888805878)
(-0.333984375 -0.020687650194370022)
(-0.33349609375 -0.020638019312922556)
(-0.3330078125 -0.020588246928302883)
(-0.33251953125 -0.020538332724261074)
(-0.33203125 -0.02048827638446324)
(-0.33154296875 -0.020438077592496936)
(-0.3310546875 -0.020387736031876602)
(-0.33056640625 -0.020337251386049072)
(-0.330078125 -0.020286623338399108)
(-0.32958984375 -0.020235851572254996)
(-0.3291015625 -0.020184935770894186)
(-0.32861328125 -0.020133875617548983)
(-0.328125 -0.020082670795412275)
(-0.32763671875 -0.020031320987643316)
(-0.3271484375 -0.019979825877373573)
(-0.32666015625 -0.019928185147712593)
(-0.326171875 -0.019876398481753942)
(-0.32568359375 -0.01982446556258118)
(-0.3251953125 -0.019772386073273886)
(-0.32470703125 -0.019720159696913757)
(-0.32421875 -0.019667786116590712)
(-0.32373046875 -0.019615265015409087)
(-0.3232421875 -0.019562596076493858)
(-0.32275390625 -0.019509778982996922)
(-0.322265625 -0.01945681341810343)
(-0.32177734375 -0.019403699065038162)
(-0.3212890625 -0.019350435607071968)
(-0.32080078125 -0.019297022727528246)
(-0.3203125 -0.01924346010978947)
(-0.31982421875 -0.019189747437303794)
(-0.3193359375 -0.019135884393591675)
(-0.31884765625 -0.019081870662252566)
(-0.318359375 -0.01902770592697167)
(-0.31787109375 -0.018973389871526712)
(-0.3173828125 -0.01891892217979481)
(-0.31689453125 -0.01886430253575935)
(-0.31640625 -0.01880953062351696)
(-0.31591796875 -0.0187546061272845)
(-0.3154296875 -0.018699528731406123)
(-0.31494140625 -0.018644298120360385)
(-0.314453125 -0.018588913978767413)
(-0.31396484375 -0.018533375991396112)
(-0.3134765625 -0.01847768384317144)
(-0.31298828125 -0.01842183721918174)
(-0.3125 -0.01836583580468609)
(-0.31201171875 -0.018309679285121762)
(-0.3115234375 -0.018253367346111687)
(-0.31103515625 -0.018196899673472003)
(-0.310546875 -0.018140275953219636)
(-0.31005859375 -0.018083495871579938)
(-0.3095703125 -0.01802655911499441)
(-0.30908203125 -0.01796946537012843)
(-0.30859375 -0.017912214323879048)
(-0.30810546875 -0.017854805663382878)
(-0.3076171875 -0.017797239076023985)
(-0.30712890625 -0.017739514249441847)
(-0.306640625 -0.017681630871539386)
(-0.30615234375 -0.017623588630491027)
(-0.3056640625 -0.017565387214750823)
(-0.30517578125 -0.01750702631306065)
(-0.3046875 -0.017448505614458397)
(-0.30419921875 -0.017389824808286287)
(-0.3037109375 -0.017330983584199187)
(-0.30322265625 -0.017271981632173)
(-0.302734375 -0.017212818642513103)
(-0.30224609375 -0.017153494305862833)
(-0.3017578125 -0.017094008313212027)
(-0.30126953125 -0.017034360355905605)
(-0.30078125 -0.016974550125652233)
(-0.30029296875 -0.016914577314532987)
(-0.2998046875 -0.016854441615010096)
(-0.29931640625 -0.016794142719935755)
(-0.298828125 -0.01673368032256093)
(-0.29833984375 -0.016673054116544267)
(-0.2978515625 -0.016612263795961004)
(-0.29736328125 -0.016551309055311967)
(-0.296875 -0.016490189589532585)
(-0.29638671875 -0.016428905094001963)
(-0.2958984375 -0.016367455264551994)
(-0.29541015625 -0.01630583979747651)
(-0.294921875 -0.016244058389540503)
(-0.29443359375 -0.016182110737989346)
(-0.2939453125 -0.016119996540558075)
(-0.29345703125 -0.016057715495480736)
(-0.29296875 -0.01599526730149971)
(-0.29248046875 -0.01593265165787515)
(-0.2919921875 -0.01586986826439437)
(-0.29150390625 -0.01580691682138136)
(-0.291015625 -0.015743797029706248)
(-0.29052734375 -0.015680508590794864)
(-0.2900390625 -0.015617051206638284)
(-0.289794921875 -0.015585259077966316)
(-0.28955078125 -0.015553424605854469)
(-0.289306640625 -0.015521547753243778)
(-0.2890625 -0.015489628483114467)
(-0.288818359375 -0.01545766675848625)
(-0.28857421875 -0.015425662542418676)
(-0.288330078125 -0.015393615798011445)
(-0.2880859375 -0.015361526488404746)
(-0.287841796875 -0.015329394576779573)
(-0.28759765625 -0.015297220026358072)
(-0.287353515625 -0.015265002800403861)
(-0.287109375 -0.01523274286222237)
(-0.286865234375 -0.015200440175161173)
(-0.28662109375 -0.015168094702610326)
(-0.286376953125 -0.015135706408002707)
(-0.2861328125 -0.015103275254814353)
(-0.285888671875 -0.015070801206564797)
(-0.28564453125 -0.015038284226817415)
(-0.285400390625 -0.015005724279179766)
(-0.28515625 -0.01497312132730394)
(-0.284912109375 -0.0149404753348869)
(-0.28466796875 -0.014907786265670828)
(-0.284423828125 -0.01487505408344348)
(-0.2841796875 -0.014842278752038527)
(-0.283935546875 -0.014809460235335916)
(-0.28369140625 -0.014776598497262209)
(-0.283447265625 -0.014743693501790951)
(-0.283203125 -0.014710745212943018)
(-0.282958984375 -0.01467775359478697)
(-0.28271484375 -0.014644718611439414)
(-0.282470703125 -0.014611640227065362)
(-0.2822265625 -0.014578518405878592)
(-0.281982421875 -0.014545353112142004)
(-0.28173828125 -0.014512144310167993)
(-0.281494140625 -0.0144788919643188)
(-0.28125 -0.014445596039006893)
(-0.281005859375 -0.014412256498695316)
(-0.28076171875 -0.014378873307898077)
(-0.280517578125 -0.014345446431180499)
(-0.2802734375 -0.014311975833159603)
(-0.280029296875 -0.014278461478504478)
(-0.27978515625 -0.014244903331936648)
(-0.279541015625 -0.014211301358230453)
(-0.279296875 -0.014177655522213426)
(-0.279052734375 -0.014143965788766664)
(-0.27880859375 -0.014110232122825212)
(-0.278564453125 -0.014076454489378443)
(-0.2783203125 -0.014042632853470436)
(-0.278076171875 -0.014008767180200358)
(-0.27783203125 -0.013974857434722857)
(-0.277587890625 -0.013940903582248433)
(-0.27734375 -0.013906905588043837)
(-0.277099609375 -0.01387286341743245)
(-0.27685546875 -0.013838777035794685)
(-0.276611328125 -0.013804646408568357)
(-0.2763671875 -0.013770471501249095)
(-0.276123046875 -0.013736252279390722)
(-0.27587890625 -0.013701988708605659)
(-0.275634765625 -0.01366768075456531)
(-0.275390625 -0.01363332838300047)
(-0.275146484375 -0.013598931559701717)
(-0.27490234375 -0.013564490250519813)
(-0.274658203125 -0.013530004421366105)
(-0.2744140625 -0.013495474038212931)
(-0.274169921875 -0.013460899067094016)
(-0.27392578125 -0.013426279474104885)
(-0.273681640625 -0.013391615225403263)
(-0.2734375 -0.013356906287209487)
(-0.273193359375 -0.013322152625806915)
(-0.27294921875 -0.013287354207542335)
(-0.272705078125 -0.013252510998826371)
(-0.2724609375 -0.01321762296613391)
(-0.272216796875 -0.013182690076004502)
(-0.27197265625 -0.013147712295042783)
(-0.271728515625 -0.01311268958991889)
(-0.271484375 -0.013077621927368882)
(-0.271240234375 -0.013042509274195155)
(-0.27099609375 -0.013007351597266867)
(-0.270751953125 -0.012972148863520355)
(-0.2705078125 -0.012936901039959568)
(-0.270263671875 -0.01290160809365648)
(-0.27001953125 -0.012866269991751528)
(-0.269775390625 -0.012830886701454028)
(-0.26953125 -0.012795458190042616)
(-0.269287109375 -0.012759984424865669)
(-0.26904296875 -0.012724465373341739)
(-0.268798828125 -0.012688901002959987)
(-0.2685546875 -0.01265329128128062)
(-0.268310546875 -0.01261763617593532)
(-0.26806640625 -0.012581935654627686)
(-0.267822265625 -0.01254618968513367)
(-0.267578125 -0.01251039823530202)
(-0.267333984375 -0.012474561273054713)
(-0.26708984375 -0.01243867876638741)
(-0.266845703125 -0.012402750683369887)
(-0.2666015625 -0.012366776992146488)
(-0.266357421875 -0.012330757660936567)
(-0.26611328125 -0.012294692658034937)
(-0.265869140625 -0.012258581951812323)
(-0.265625 -0.012222425510715803)
(-0.265380859375 -0.012186223303269272)
(-0.26513671875 -0.012149975298073885)
(-0.264892578125 -0.012113681463808515)
(-0.2646484375 -0.01207734176923021)
(-0.264404296875 -0.012040956183174644)
(-0.26416015625 -0.012004524674556592)
(-0.263916015625 -0.011968047212370365)
(-0.263671875 -0.011931523765690292)
(-0.263427734375 -0.011894954303671174)
(-0.26318359375 -0.011858338795548748)
(-0.262939453125 -0.011821677210640152)
(-0.2626953125 -0.011784969518344394)
(-0.262451171875 -0.01174821568814282)
(-0.26220703125 -0.011711415689599578)
(-0.261962890625 -0.011674569492362098)
(-0.26171875 -0.011637677066161554)
(-0.261474609375 -0.011600738380813344)
(-0.26123046875 -0.011563753406217564)
(-0.260986328125 -0.01152672211235948)
(-0.2607421875 -0.011489644469310013)
(-0.260498046875 -0.011452520447226208)
(-0.26025390625 -0.011415350016351725)
(-0.260009765625 -0.011378133147017312)
(-0.259765625 -0.011340869809641291)
(-0.259521484375 -0.011303559974730044)
(-0.25927734375 -0.011266203612878499)
(-0.259033203125 -0.011228800694770608)
(-0.2587890625 -0.011191351191179854)
(-0.258544921875 -0.011153855072969718)
(-0.25830078125 -0.011116312311094192)
(-0.258056640625 -0.011078722876598253)
(-0.2578125 -0.01104108674061837)
(-0.257568359375 -0.011003403874382997)
(-0.25732421875 -0.010965674249213062)
(-0.257080078125 -0.010927897836522472)
(-0.2568359375 -0.010890074607818613)
(-0.256591796875 -0.010852204534702845)
(-0.25634765625 -0.010814287588871015)
(-0.256103515625 -0.010776323742113948)
(-0.255859375 -0.010738312966317956)
(-0.255615234375 -0.010700255233465352)
(-0.25537109375 -0.010662150515634948)
(-0.255126953125 -0.010623998785002569)
(-0.2548828125 -0.010585800013841564)
(-0.254638671875 -0.010547554174523313)
(-0.25439453125 -0.010509261239517745)
(-0.254150390625 -0.010470921181393854)
(-0.25390625 -0.010432533972820212)
(-0.253662109375 -0.010394099586565484)
(-0.25341796875 -0.010355617995498952)
(-0.253173828125 -0.010317089172591035)
(-0.2529296875 -0.010278513090913806)
(-0.252685546875 -0.01023988972364152)
(-0.25244140625 -0.010201219044051139)
(-0.252197265625 -0.010162501025522847)
(-0.251953125 -0.010123735641540597)
(-0.251708984375 -0.010084922865692618)
(-0.25146484375 -0.010046062671671964)
(-0.251220703125 -0.01000715503327703)
(-0.2509765625 -0.0099681999244121)
(-0.250732421875 -0.009929197319087863)
(-0.25048828125 -0.009890147191421967)
(-0.250244140625 -0.009851049515639544)
(-0.25 -0.009811904266073755)
(-0.249755859375 -0.009772711417166324)
(-0.24951171875 -0.009733470943468088)
(-0.249267578125 -0.009694182819640008)
(-0.2490234375 -0.009654847020452155)
(-0.248779296875 -0.009615463520785949)
(-0.24853515625 -0.009576032295634095)
(-0.248291015625 -0.009536553320101141)
(-0.248046875 -0.009497026569404014)
(-0.247802734375 -0.009457452018872577)
(-0.24755859375 -0.009417829643950187)
(-0.247314453125 -0.009378159420194241)
(-0.2470703125 -0.009338441323276736)
(-0.24658203125 -0.009258861393283281)
(-0.246337890625 -0.009218999522189119)
(-0.24609375 -0.009179089681722014)
(-0.245849609375 -0.009139131848130278)
(-0.24560546875 -0.009099125997781243)
(-0.245361328125 -0.009059072107160095)
(-0.2451171875 -0.009018970152871066)
(-0.244873046875 -0.008978820111638482)
(-0.24462890625 -0.00893862196030574)
(-0.244140625 -0.00885808121597751)
(-0.243896484375 -0.008817738586695864)
(-0.24365234375 -0.008777347755846706)
(-0.243408203125 -0.008736908700878902)
(-0.2431640625 -0.008696421399364874)
(-0.242919921875 -0.008655885829001187)
(-0.24267578125 -0.008615301967609115)
(-0.242431640625 -0.008574669793135228)
(-0.2421875 -0.008533989283651962)
(-0.241943359375 -0.008493260417358206)
(-0.24169921875 -0.008452483172579881)
(-0.241455078125 -0.008411657527770525)
(-0.2412109375 -0.008370783461511875)
(-0.240966796875 -0.008329860952514458)
(-0.24072265625 -0.008288889979618169)
(-0.240478515625 -0.008247870521792868)
(-0.240234375 -0.00820680255813897)
(-0.239990234375 -0.008165686067888029)
(-0.23974609375 -0.008124521030403339)
(-0.239501953125 -0.008083307425180519)
(-0.2392578125 -0.008042045231848122)
(-0.239013671875 -0.008000734430168214)
(-0.23876953125 -0.00795937500003699)
(-0.238525390625 -0.00791796692148536)
(-0.23828125 -0.007876510174679557)
(-0.238037109375 -0.007835004739921733)
(-0.23779296875 -0.007793450597650573)
(-0.237548828125 -0.007751847728441886)
(-0.2373046875 -0.007710196113009223)
(-0.237060546875 -0.00766849573220448)
(-0.23681640625 -0.007626746567018504)
(-0.236572265625 -0.007584948598581707)
(-0.236328125 -0.007543101808164676)
(-0.236083984375 -0.007501206177178785)
(-0.23583984375 -0.007459261687176815)
(-0.235595703125 -0.007417268319853557)
(-0.2353515625 -0.0073752260570464434)
(-0.235107421875 -0.007333134880736157)
(-0.23486328125 -0.007290994773047249)
(-0.234619140625 -0.00724880571624877)
(-0.234375 -0.00720656769275488)
(-0.234130859375 -0.007164280685125481)
(-0.23388671875 -0.007121944676066835)
(-0.233642578125 -0.007079559648432196)
(-0.2333984375 -0.007037125585222432)
(-0.233154296875 -0.006994642469586658)
(-0.23291015625 -0.006952110284822862)
(-0.232666015625 -0.00690952901437854)
(-0.232421875 -0.006866898641851327)
(-0.232177734375 -0.006824219150989628)
(-0.23193359375 -0.006781490525693258)
(-0.231689453125 -0.006738712750014078)
(-0.2314453125 -0.006695885808156625)
(-0.231201171875 -0.006653009684478765)
(-0.23095703125 -0.006610084363492319)
(-0.230712890625 -0.006567109829863714)
(-0.23046875 -0.006524086068414621)
(-0.230224609375 -0.006481013064122605)
(-0.22998046875 -0.00643789080212176)
(-0.229736328125 -0.006394719267703368)
(-0.2294921875 -0.006351498446316538)
(-0.229248046875 -0.00630822832356886)
(-0.22900390625 -0.006264908885227053)
(-0.228759765625 -0.006221540117217617)
(-0.228515625 -0.006178122005627489)
(-0.228271484375 -0.006134654536704694)
(-0.22802734375 -0.006091137696859001)
(-0.227783203125 -0.006047571472662582)
(-0.2275390625 -0.006003955850850666)
(-0.227294921875 -0.005960290818322204)
(-0.22705078125 -0.005916576362140524)
(-0.226806640625 -0.0058728124695339974)
(-0.2265625 -0.005828999127896697)
(-0.226318359375 -0.005785136324789067)
(-0.22607421875 -0.005741224047938585)
(-0.225830078125 -0.0056972622852404274)
(-0.2255859375 -0.005653251024758142)
(-0.225341796875 -0.005609190254724314)
(-0.22509765625 -0.005565079963541234)
(-0.224853515625 -0.005520920139781577)
(-0.224609375 -0.005476710772189069)
(-0.224365234375 -0.005432451849679162)
(-0.22412109375 -0.005388143361339709)
(-0.223876953125 -0.005343785296431645)
(-0.2236328125 -0.005299377644389658)
(-0.223388671875 -0.005254920394822874)
(-0.22314453125 -0.00521041353751553)
(-0.222900390625 -0.005165857062427663)
(-0.22265625 -0.005121250959695786)
(-0.222412109375 -0.005076595219633576)
(-0.22216796875 -0.005031889832732555)
(-0.221923828125 -0.0049871347896627794)
(-0.2216796875 -0.004942330081273525)
(-0.221435546875 -0.004897475698593974)
(-0.22119140625 -0.004852571632833911)
(-0.220947265625 -0.004807617875384402)
(-0.220703125 -0.004762614417818498)
(-0.220458984375 -0.00471756125189192)
(-0.22021484375 -0.004672458369543757)
(-0.219970703125 -0.004627305762897158)
(-0.2197265625 -0.004582103424260032)
(-0.219482421875 -0.004536851346125743)
(-0.21923828125 -0.004491549521173808)
(-0.218994140625 -0.004446197942270598)
(-0.21875 -0.004400796602470038)
(-0.218505859375 -0.00435534549501431)
(-0.21826171875 -0.0043098446133345535)
(-0.218017578125 -0.004264293951051573)
(-0.2177734375 -0.004218693501976541)
(-0.217529296875 -0.0041730432601117026)
(-0.21728515625 -0.004127343219651088)
(-0.217041015625 -0.004081593374981214)
(-0.216796875 -0.004035793720681802)
(-0.216552734375 -0.003989944251526479)
(-0.21630859375 -0.003944044962483496)
(-0.216064453125 -0.00389809584871644)
(-0.2158203125 -0.0038520969055849444)
(-0.215576171875 -0.0038060481286454066)
(-0.21533203125 -0.003759949513651704)
(-0.215087890625 -0.003713801056555908)
(-0.21484375 -0.0036676027535090055)
(-0.214599609375 -0.003621354600861616)
(-0.21435546875 -0.003575056595164711)
(-0.214111328125 -0.0035287087331703363)
(-0.2138671875 -0.0034823110118323334)
(-0.213623046875 -0.0034358634283070625)
(-0.21337890625 -0.003389365979954127)
(-0.213134765625 -0.0033428186643370975)
(-0.212890625 -0.0032962214792242386)
(-0.212646484375 -0.0032495744225892347)
(-0.21240234375 -0.0032028774926119202)
(-0.212158203125 -0.0031561306876790067)
(-0.2119140625 -0.003109334006384812)
(-0.211669921875 -0.0030624874475319937)
(-0.21142578125 -0.0030155910101322785)
(-0.211181640625 -0.0029686446934071966)
(-0.2109375 -0.0029216484967888134)
(-0.210693359375 -0.002874602419920466)
(-0.21044921875 -0.0028275064626574987)
(-0.210205078125 -0.0027803606250679973)
(-0.2099609375 -0.002733164907433529)
(-0.209716796875 -0.002685919310249879)
(-0.20947265625 -0.002638623834227791)
(-0.209228515625 -0.0025912784802937052)
(-0.208984375 -0.0025438832495905017)
(-0.208740234375 -0.0024964381434782407)
(-0.20849609375 -0.002448943163534905)
(-0.208251953125 -0.0024013983115571454)
(-0.2080078125 -0.0023538035895610226)
(-0.207763671875 -0.002306158999782754)
(-0.20751953125 -0.00225846454467946)
(-0.207275390625 -0.0022107202269299104)
(-0.20703125 -0.002162926049435271)
(-0.206787109375 -0.002115082015319855)
(-0.20654296875 -0.0020671881279318693)
(-0.206298828125 -0.0020192443908441673)
(-0.2060546875 -0.001971250807854998)
(-0.205810546875 -0.0019232073829887582)
(-0.20556640625 -0.0018751141204967465)
(-0.205322265625 -0.001826971024857914)
(-0.205078125 -0.0017787781007796211)
(-0.204833984375 -0.0017305353531983905)
(-0.20458984375 -0.0016822427872806634)
(-0.204345703125 -0.0016339004084235562)
(-0.2041015625 -0.0015855082222556171)
(-0.203857421875 -0.0015370662346375838)
(-0.20361328125 -0.0014885744516631428)
(-0.203369140625 -0.0014400328796596873)
(-0.203125 -0.0013914415251890788)
(-0.202880859375 -0.0013428003950484062)
(-0.20263671875 -0.0012941094962707477)
(-0.202392578125 -0.0012453688361259334)
(-0.2021484375 -0.0011965784221213065)
(-0.201904296875 -0.001147738262002488)
(-0.20166015625 -0.0010988483637541396)
(-0.201416015625 -0.0010499087356007292)
(-0.201171875 -0.001000919386007295)
(-0.200927734375 -0.0009518803236802122)
(-0.20068359375 -0.0009027915575679593)
(-0.200439453125 -0.0008536530968618845)
(-0.2001953125 -0.0008044649509969743)
(-0.199951171875 -0.0007552271296526208)
(-0.19970703125 -0.0007059396427533908)
(-0.199462890625 -0.0006566025004697955)
(-0.19921875 -0.0006072157132190597)
(-0.198974609375 -0.0005577792916658927)
(-0.19873046875 -0.0005082932467232591)
(-0.198486328125 -0.00045875758955315023)
(-0.1982421875 -0.00040917233156735627)
(-0.197998046875 -0.0003595374844282387)
(-0.19775390625 -0.0003098530600495031)
(-0.197509765625 -0.00026011907059697294)
(-0.197265625 -0.00021033552848936327)
(-0.197021484375 -0.00016050244639905523)
(-0.19677734375 -0.0001106198372528708)
(-0.196533203125 -6.068771423284816e-05)
(-0.1962890625 -1.070609077701741e-05)
(-0.196044921875 3.9325019419823334e-05)
(-0.19580078125 8.940560240533142e-05)
(-0.195556640625 0.0001395356439688426)
(-0.1953125 0.00018971512964059386)
(-0.195068359375 0.0002399440446909456)
(-0.19482421875 0.00029022237412960374)
(-0.194580078125 0.0003405501027048411)
(-0.1943359375 0.0003909272149027188)
(-0.194091796875 0.00044135369494630706)
(-0.19384765625 0.0004918295267949059)
(-0.193603515625 0.0005423546941432654)
(-0.193359375 0.0005929291804208059)
(-0.193115234375 0.0006435529687908371)
(-0.19287109375 0.0006942260421497783)
(-0.192626953125 0.0007449483831263771)
(-0.1923828125 0.0007957199740809284)
(-0.192138671875 0.0008465407971044932)
(-0.19189453125 0.0008974108340181171)
(-0.191650390625 0.0009483300663720485)
(-0.19140625 0.0009992984754449569)
(-0.191162109375 0.00105031604224315)
(-0.19091796875 0.0011013827474997931)
(-0.190673828125 0.0011524985716741241)
(-0.1904296875 0.001203663494950674)
(-0.190185546875 0.0012548774972384812)
(-0.18994140625 0.0013061405581703109)
(-0.189697265625 0.0013574526571018708)
(-0.189453125 0.001408813773111029)
(-0.189208984375 0.0014602238849970297)
(-0.18896484375 0.0015116829712797115)
(-0.188720703125 0.0015631910101987225)
(-0.1884765625 0.0016147479797127384)
(-0.188232421875 0.0016663538574986786)
(-0.18798828125 0.0017180086209509224)
(-0.187744140625 0.0017697122471805268)
(-0.1875 0.001821464713014442)
(-0.187255859375 0.0018732659949947284)
(-0.18701171875 0.001925116069377774)
(-0.186767578125 0.0019770149121335107)
(-0.1865234375 0.0020289624989446304)
(-0.186279296875 0.0020809588052058034)
(-0.18603515625 0.0021330038060228948)
(-0.185791015625 0.002185097476212181)
(-0.185546875 0.0022372397902995673)
(-0.185302734375 0.002289430722519807)
(-0.18505859375 0.002341670246815716)
(-0.184814453125 0.002393958336837392)
(-0.1845703125 0.0024462949659414344)
(-0.184326171875 0.0024986801071901574)
(-0.18408203125 0.0025511137333508144)
(-0.183837890625 0.0026035958168948116)
(-0.18359375 0.002656126329996929)
(-0.183349609375 0.0027087052445345407)
(-0.18310546875 0.0027613325320868308)
(-0.182861328125 0.002814008163934016)
(-0.1826171875 0.002866732111056565)
(-0.182373046875 0.002919504344134417)
(-0.18212890625 0.002972324833546205)
(-0.181884765625 0.003025193549368474)
(-0.181640625 0.0030781104613749055)
(-0.181396484375 0.0031310755390355355)
(-0.18115234375 0.00318408875151598)
(-0.180908203125 0.0032371500676766553)
(-0.1806640625 0.0032902594560720016)
(-0.180419921875 0.0033434168849497074)
(-0.18017578125 0.0033966223222499318)
(-0.179931640625 0.00344987573560453)
(-0.1796875 0.0035031770923362768)
(-0.179443359375 0.003556526359458095)
(-0.17919921875 0.003609923503672278)
(-0.178955078125 0.0036633684913697177)
(-0.1787109375 0.003716861288629131)
(-0.178466796875 0.00377040186121629)
(-0.17822265625 0.0038239901745832456)
(-0.177978515625 0.003877626193867561)
(-0.177734375 0.003931309883891537)
(-0.177490234375 0.003985041209161447)
(-0.17724609375 0.0040388201338667626)
(-0.177001953125 0.00409264662187939)
(-0.1767578125 0.0041465206367528986)
(-0.176513671875 0.004200442141721755)
(-0.17626953125 0.004254411099700559)
(-0.176025390625 0.004308427473283274)
(-0.17578125 0.004362491224742465)
(-0.175537109375 0.004416602316028535)
(-0.17529296875 0.004470760708768961)
(-0.175048828125 0.00452496636426753)
(-0.1748046875 0.004579219243503582)
(-0.174560546875 0.004633519307131243)
(-0.17431640625 0.004687866515478675)
(-0.174072265625 0.004742260828547306)
(-0.173828125 0.00479670220601108)
(-0.173583984375 0.004851190607215698)
(-0.17333984375 0.004905725991177862)
(-0.173095703125 0.004960308316584519)
(-0.1728515625 0.00501493754179211)
(-0.172607421875 0.005069613624825815)
(-0.17236328125 0.0051243365233788005)
(-0.172119140625 0.005179106194811472)
(-0.171875 0.005233922596150721)
(-0.171630859375 0.0052887856840891775)
(-0.17138671875 0.005343695414984466)
(-0.171142578125 0.005398651744858453)
(-0.1708984375 0.005453654629396506)
(-0.170654296875 0.0055087040239467505)
(-0.17041015625 0.005563799883519326)
(-0.170166015625 0.005618942162785642)
(-0.169921875 0.005674130816077642)
(-0.169677734375 0.005729365797387064)
(-0.16943359375 0.005784647060364698)
(-0.169189453125 0.005839974558319659)
(-0.1689453125 0.005895348244218642)
(-0.168701171875 0.005950768070685196)
(-0.16845703125 0.006006233989998987)
(-0.168212890625 0.006061745954095071)
(-0.16796875 0.006117303914563161)
(-0.167724609375 0.006172907822646901)
(-0.16748046875 0.006228557629243143)
(-0.167236328125 0.006284253284901212)
(-0.1669921875 0.0063399947398221955)
(-0.166748046875 0.00639578194385821)
(-0.16650390625 0.00645161484651169)
(-0.166259765625 0.006507493396934662)
(-0.166015625 0.00656341754392803)
(-0.165771484375 0.006619387235941352)
(-0.16552734375 0.006675402421070518)
(-0.165283203125 0.006731463047058781)
(-0.1650390625 0.006787569061295422)
(-0.164794921875 0.006843720410815033)
(-0.16455078125 0.006899917042296822)
(-0.164306640625 0.0069561589020638945)
(-0.1640625 0.007012445936082561)
(-0.163818359375 0.00706877808996163)
(-0.16357421875 0.0071251553089517064)
(-0.163330078125 0.007181577537944498)
(-0.1630859375 0.007238044721472115)
(-0.162841796875 0.007294556803706378)
(-0.16259765625 0.007351113728458128)
(-0.162353515625 0.007407715439176527)
(-0.162109375 0.007464361878948383)
(-0.161865234375 0.007521052990497447)
(-0.16162109375 0.007577788716183747)
(-0.161376953125 0.007634568998002888)
(-0.1611328125 0.007691393777585385)
(-0.160888671875 0.007748262996195975)
(-0.16064453125 0.007805176594732949)
(-0.160400390625 0.00786213451372747)
(-0.16015625 0.007919136693342908)
(-0.159912109375 0.007976183073374164)
(-0.15966796875 0.00803327359324701)
(-0.159423828125 0.008090408192017414)
(-0.1591796875 0.00814758680837089)
(-0.158935546875 0.00820480938062182)
(-0.15869140625 0.00826207584671281)
(-0.158447265625 0.00831938614421403)
(-0.158203125 0.008376740210322557)
(-0.157958984375 0.008434137981861727)
(-0.15771484375 0.008491579395280481)
(-0.157470703125 0.00854906438665273)
(-0.1572265625 0.008606592891676692)
(-0.156982421875 0.00866416484567427)
(-0.15673828125 0.008721780183590403)
(-0.156494140625 0.008779438839992427)
(-0.15625 0.008837140749069446)
(-0.156005859375 0.008894885844631701)
(-0.15576171875 0.008952674060109939)
(-0.155517578125 0.009010505328554783)
(-0.1552734375 0.009068379582636118)
(-0.155029296875 0.009126296754642459)
(-0.15478515625 0.009184256776480344)
(-0.154541015625 0.009242259579673708)
(-0.154296875 0.00930030509536328)
(-0.154052734375 0.009358393254305963)
(-0.15380859375 0.009416523986874238)
(-0.153564453125 0.00947469722305555)
(-0.1533203125 0.009532912892451713)
(-0.153076171875 0.009591170924278306)
(-0.15283203125 0.009649471247364086)
(-0.152587890625 0.009707813790150384)
(-0.15234375 0.009766198480690526)
(-0.152099609375 0.009824625246649241)
(-0.15185546875 0.009883094015302076)
(-0.151611328125 0.009941604713534821)
(-0.1513671875 0.010000157267842924)
(-0.151123046875 0.010058751604330925)
(-0.15087890625 0.010117387648711876)
(-0.150634765625 0.01017606532630678)
(-0.150390625 0.010234784562044026)
(-0.150146484375 0.010293545280458817)
(-0.14990234375 0.010352347405692625)
(-0.149658203125 0.01041119086149263)
(-0.1494140625 0.010470075571211166)
(-0.149169921875 0.010529001457805174)
(-0.14892578125 0.010587968443835657)
(-0.148681640625 0.01064697645146714)
(-0.1484375 0.010706025402467128)
(-0.148193359375 0.010765115218205574)
(-0.14794921875 0.010824245819654344)
(-0.147705078125 0.01088341712738669)
(-0.1474609375 0.010942629061576725)
(-0.147216796875 0.011001881541998909)
(-0.14697265625 0.011061174488027518)
(-0.146728515625 0.011120507818636138)
(-0.146484375 0.011179881452397157)
(-0.146240234375 0.01123929530748125)
(-0.14599609375 0.011298749301656887)
(-0.145751953125 0.01135824335228982)
(-0.1455078125 0.011417777376342596)
(-0.145263671875 0.011477351290374067)
(-0.14501953125 0.011536965010538894)
(-0.144775390625 0.011596618452587068)
(-0.14453125 0.011656311531863427)
(-0.144287109375 0.01171604416330718)
(-0.14404296875 0.011775816261451435)
(-0.143798828125 0.011835627740422724)
(-0.1435546875 0.011895478513940553)
(-0.143310546875 0.011955368495316917)
(-0.14306640625 0.012015297597455869)
(-0.142822265625 0.012075265732853042)
(-0.142578125 0.012135272813595221)
(-0.142333984375 0.012195318751359882)
(-0.14208984375 0.012255403457414764)
(-0.141845703125 0.012315526842617417)
(-0.1416015625 0.012375688817414783)
(-0.141357421875 0.012435889291842759)
(-0.14111328125 0.012496128175525775)
(-0.140869140625 0.012556405377676372)
(-0.140625 0.012616720807094795)
(-0.140380859375 0.012677074372168562)
(-0.14013671875 0.012737465980872073)
(-0.139892578125 0.012797895540766201)
(-0.1396484375 0.012858362958997893)
(-0.139404296875 0.012918868142299774)
(-0.13916015625 0.012979410996989762)
(-0.138916015625 0.013039991428970669)
(-0.138671875 0.013100609343729835)
(-0.138427734375 0.013161264646338744)
(-0.13818359375 0.013221957241452647)
(-0.137939453125 0.013282687033310201)
(-0.1376953125 0.013343453925733103)
(-0.137451171875 0.013404257822125726)
(-0.13720703125 0.013465098625474773)
(-0.136962890625 0.013525976238348917)
(-0.13671875 0.013586890562898468)
(-0.136474609375 0.013647841500855013)
(-0.13623046875 0.013708828953531102)
(-0.135986328125 0.013769852821819901)
(-0.1357421875 0.013830913006194871)
(-0.135498046875 0.01389200940670944)
(-0.13525390625 0.013953141922996699)
(-0.135009765625 0.014014310454269065)
(-0.134765625 0.014075514899318003)
(-0.13427734375 0.01419803107506427)
(-0.1337890625 0.014320689694380679)
(-0.13330078125 0.0144434899324083)
(-0.1328125 0.014566430957547028)
(-0.13232421875 0.014689511931447128)
(-0.1318359375 0.014812732009001142)
(-0.13134765625 0.014936090338336145)
(-0.130859375 0.015059586060806374)
(-0.13037109375 0.015183218310986207)
(-0.1298828125 0.015306986216663524)
(-0.12939453125 0.01543088889883341)
(-0.12890625 0.015554925471692266)
(-0.12841796875 0.015679095042632252)
(-0.1279296875 0.015803396712236146)
(-0.12744140625 0.01592782957427255)
(-0.126953125 0.0160523927156915)
(-0.12646484375 0.016177085216620438)
(-0.1259765625 0.01630190615036059)
(-0.12548828125 0.016426854583383714)
(-0.125 0.016551929575329256)
(-0.12451171875 0.016677130179001878)
(-0.1240234375 0.01680245544036938)
(-0.12353515625 0.016927904398561046)
(-0.123046875 0.017053476085866343)
(-0.12255859375 0.01717916952773406)
(-0.1220703125 0.01730498374277179)
(-0.12158203125 0.0174309177427459)
(-0.12109375 0.017556970532581793)
(-0.12060546875 0.017683141110364665)
(-0.1201171875 0.01780942846734061)
(-0.11962890625 0.017935831587918144)
(-0.119140625 0.018062349449670147)
(-0.11865234375 0.01818898102333617)
(-0.1181640625 0.018315725272825177)
(-0.11767578125 0.01844258115521869)
(-0.1171875 0.018569547620774306)
(-0.11669921875 0.018696623612929637)
(-0.1162109375 0.018823808068306653)
(-0.11572265625 0.018951099916716407)
(-0.115234375 0.019078498081164165)
(-0.11474609375 0.019206001477854923)
(-0.1142578125 0.01933360901619932)
(-0.11376953125 0.019461319598819953)
(-0.11328125 0.01958913212155803)
(-0.11279296875 0.01971704547348047)
(-0.1123046875 0.01984505853688733)
(-0.11181640625 0.01997317018731962)
(-0.111328125 0.0201013792935675)
(-0.11083984375 0.020229684717678817)
(-0.1103515625 0.020358085314968008)
(-0.10986328125 0.020486579934025376)
(-0.109375 0.020615167416726653)
(-0.10888671875 0.020743846598242976)
(-0.1083984375 0.020872616307051117)
(-0.10791015625 0.021001475364944098)
(-0.107421875 0.021130422587042053)
(-0.10693359375 0.021259456781803448)
(-0.1064453125 0.021388576751036552)
(-0.10595703125 0.021517781289911206)
(-0.10546875 0.021647069186970853)
(-0.10498046875 0.021776439224144815)
(-0.1044921875 0.02190589017676083)
(-0.10400390625 0.022035420813557773)
(-0.103515625 0.022165029896698635)
(-0.10302734375 0.02229471618178367)
(-0.1025390625 0.0224244784178637)
(-0.10205078125 0.022554315347453616)
(-0.1015625 0.02268422570654598)
(-0.10107421875 0.02281420822462476)
(-0.1005859375 0.022944261624679146)
(-0.10009765625 0.023074384623217453)
(-0.099609375 0.023204575930281048)
(-0.09912109375 0.023334834249458303)
(-0.0986328125 0.023465158277898548)
(-0.09814453125 0.023595546706325965)
(-0.09765625 0.02372599821905342)
(-0.09716796875 0.023856511493997243)
(-0.0966796875 0.023987085202686633)
(-0.09619140625 0.024117718010282275)
(-0.095703125 0.024248408575587636)
(-0.09521484375 0.02437915555106161)
(-0.0947265625 0.024509957582831473)
(-0.09423828125 0.02464081331070491)
(-0.09375 0.02477172136818222)
(-0.09326171875 0.024902680382466715)
(-0.0927734375 0.0250336889744794)
(-0.09228515625 0.02516474575886483)
(-0.091796875 0.025295849344002842)
(-0.09130859375 0.025426998332017732)
(-0.0908203125 0.025558191318786744)
(-0.09033203125 0.025689426893947723)
(-0.08984375 0.025820703640905926)
(-0.08935546875 0.025952020136840465)
(-0.0888671875 0.026083374952706587)
(-0.08837890625 0.026214766653242808)
(-0.087890625 0.02634619379697225)
(-0.08740234375 0.02647765493620364)
(-0.0869140625 0.026609148617031533)
(-0.08642578125 0.02674067337933449)
(-0.0859375 0.026872227756772275)
(-0.08544921875 0.02700381027678074)
(-0.0849609375 0.027135419460565573)
(-0.08447265625 0.02726705382309349)
(-0.083984375 0.027398711873081998)
(-0.0830078125 0.027662092249631638)
(-0.08203125 0.027925549325339416)
(-0.0810546875 0.028189070933088325)
(-0.080078125 0.028452644803574855)
(-0.0791015625 0.0287162585642467)
(-0.078125 0.028979899738011607)
(-0.0771484375 0.02924355574168995)
(-0.076171875 0.029507213884181035)
(-0.0751953125 0.029770861364305533)
(-0.07421875 0.03003448526830404)
(-0.0732421875 0.030298072566931924)
(-0.072265625 0.030561610112117794)
(-0.0703125 0.031088475188767006)
(-0.0693359375 0.031351782831508135)
(-0.068359375 0.03161498679012015)
(-0.0673828125 0.03187807324793177)
(-0.06640625 0.03214102823652981)
(-0.0654296875 0.032403837627648)
(-0.064453125 0.03266648712406648)
(-0.0634765625 0.032928962249420324)
(-0.0625 0.03319124833680515)
(-0.0615234375 0.03345333051605729)
(-0.060546875 0.033715193699573764)
(-0.0595703125 0.03397682256652427)
(-0.05859375 0.03423820154529292)
(-0.0576171875 0.03449931479397162)
(-0.056640625 0.03476014617870949)
(-0.0556640625 0.03502067924970382)
(-0.0546875 0.035280897214596804)
(-0.0537109375 0.03554078290901957)
(-0.052734375 0.03580031876399951)
(-0.0517578125 0.03605948676991934)
(-0.05126953125 0.03618892770527158)
(-0.05078125 0.03631826976237796)
(-0.05029296875 0.03644751055088328)
(-0.0498046875 0.03657664764482812)
(-0.04931640625 0.036705678581025886)
(-0.048828125 0.0368346008573581)
(-0.04833984375 0.036963411930983944)
(-0.0478515625 0.03709210921646)
(-0.04736328125 0.03722069008376578)
(-0.046875 0.037349151856230604)
(-0.04638671875 0.037477491808356994)
(-0.0458984375 0.03760570716353566)
(-0.04541015625 0.03773379509164688)
(-0.044921875 0.03786175270654273)
(-0.04443359375 0.037989577063404605)
(-0.0439453125 0.0381172651559698)
(-0.04345703125 0.03824481391362112)
(-0.04296875 0.038372220198332786)
(-0.04248046875 0.03849948080146576)
(-0.0419921875 0.03862659244040534)
(-0.04150390625 0.03875355175503335)
(-0.041015625 0.03888035530402712)
(-0.04052734375 0.03900699956097681)
(-0.0400390625 0.039133480910312504)
(-0.03955078125 0.039259795643031885)
(-0.0390625 0.0393859399522189)
(-0.03857421875 0.039511909928343546)
(-0.0380859375 0.03963770155433208)
(-0.03759765625 0.03976331070039687)
(-0.037109375 0.039888733118614225)
(-0.03662109375 0.04001396443723821)
(-0.0361328125 0.04013900015473779)
(-0.03564453125 0.04026383563354403)
(-0.03515625 0.0403884660934935)
(-0.03466796875 0.040512886604953405)
(-0.0341796875 0.04063709208161301)
(-0.03369140625 0.04076107727292568)
(-0.033203125 0.040884836756184546)
(-0.03271484375 0.04100836492821441)
(-0.0322265625 0.04113165599666153)
(-0.03173828125 0.04125470397086199)
(-0.03125 0.04137750265226855)
(-0.03076171875 0.04150004562441477)
(-0.0302734375 0.04162232624239442)
(-0.02978515625 0.041744337621832835)
(-0.029296875 0.04186607262732605)
(-0.02880859375 0.04198752386032213)
(-0.0283203125 0.042108683646418184)
(-0.02783203125 0.042229544022044915)
(-0.02734375 0.04235009672050967)
(-0.02685546875 0.04247033315736704)
(-0.0263671875 0.04259024441508511)
(-0.02587890625 0.042709821226973484)
(-0.025390625 0.042829053960337926)
(-0.02490234375 0.04294793259882459)
(-0.0244140625 0.04306644672391505)
(-0.02392578125 0.04318458549553163)
(-0.0234375 0.043302337631710416)
(-0.02294921875 0.04341969138729743)
(-0.0224609375 0.04353663453162123)
(-0.02197265625 0.04365315432509307)
(-0.021484375 0.0437692374946833)
(-0.02099609375 0.04388487020822027)
(-0.0205078125 0.044000038047455566)
(-0.02001953125 0.044114725979836476)
(-0.01953125 0.044228918328924026)
(-0.01904296875 0.04434259874339168)
(-0.0185546875 0.0444557501645371)
(-0.01806640625 0.04456835479223567)
(-0.017578125 0.044680394049261475)
(-0.01708984375 0.04479184854389761)
(-0.0166015625 0.04490269803075417)
(-0.01611328125 0.045012921369708137)
(-0.015869140625 0.0450677920971202)
(-0.015625 0.04512249796983714)
(-0.015380859375 0.045177036075406796)
(-0.01513671875 0.0452314034370518)
(-0.014892578125 0.045285597012141535)
(-0.0146484375 0.0453396136906286)
(-0.014404296875 0.04539345029344766)
(-0.01416015625 0.04544710357087702)
(-0.013916015625 0.04550057020086081)
(-0.013671875 0.04555384678729208)
(-0.013427734375 0.04560692985825461)
(-0.01318359375 0.04565981586422387)
(-0.012939453125 0.04571250117622461)
(-0.0126953125 0.04576498208394567)
(-0.012451171875 0.045817254793809416)
(-0.01220703125 0.04586931542699625)
(-0.011962890625 0.045921160017421664)
(-0.01171875 0.0459727845096662)
(-0.011474609375 0.04602418475685563)
(-0.01123046875 0.04607535651849188)
(-0.010986328125 0.04612629545823174)
(-0.0107421875 0.046176997141614)
(-0.010498046875 0.04622745703373182)
(-0.01025390625 0.04627767049685113)
(-0.010009765625 0.04632763278797162)
(-0.009765625 0.04637733905633117)
(-0.009521484375 0.04642678434085017)
(-0.00927734375 0.0464759635675165)
(-0.009033203125 0.04652487154670761)
(-0.0087890625 0.04657350297045042)
(-0.008544921875 0.04662185240961523)
(-0.00830078125 0.04666991431104459)
(-0.008056640625 0.046717682994613)
(-0.0078125 0.04676515265021835)
(-0.007568359375 0.04681231733470108)
(-0.00732421875 0.046859170968691716)
(-0.007080078125 0.04690570733338264)
(-0.0068359375 0.04695192006722485)
(-0.006591796875 0.0469978026625498)
(-0.00634765625 0.04704334846209501)
(-0.006103515625 0.04708855065547304)
(-0.005859375 0.04713340227553993)
(-0.005615234375 0.047177896194682024)
(-0.00537109375 0.04722202512101518)
(-0.005126953125 0.047265781594494106)
(-0.0048828125 0.04730915798292983)
(-0.004638671875 0.04735214647791306)
(-0.00439453125 0.047394739090641194)
(-0.004150390625 0.04743692764764687)
(-0.00390625 0.0474787037864255)
(-0.003662109375 0.04752005895095958)
(-0.00341796875 0.047560984387137295)
(-0.003173828125 0.04760147113806286)
(-0.0029296875 0.047641510039256194)
(-0.00244140625 0.04772020158632696)
(-0.002197265625 0.04775883967326871)
(-0.001953125 0.047796991073832)
(-0.00146484375 0.04787178700415688)
(-0.001220703125 0.047908415573875276)
(-0.0009765625 0.04794451488400432)
(-0.00048828125 0.048015074405622485)
(-0.000244140625 0.04804951711856492)
(-0.0001220703125 0.04806652365101926)
(0.0 0.04808338467775836)
(6.103515625e-05 0.04809176028007898)
(0.0001220703125 0.0481000992793474)
(0.000152587890625 0.048104255097880744)
(0.00018310546875 0.048108401825608986)
(0.000244140625 0.04811666809804419)
(0.000274658203125 0.048120787672487425)
(0.00030517578125 0.04812489823541549)
(0.000335693359375 0.04812899980654256)
(0.0003662109375 0.04813309240553965)
(0.000396728515625 0.04813717605203475)
(0.00042724609375 0.048141250765612896)
(0.000457763671875 0.04814531656581628)
(0.00048828125 0.048149373472144326)
(0.000518798828125 0.0481534215040538)
(0.00054931640625 0.04815746068095889)
(0.000579833984375 0.048161491022231315)
(0.0006103515625 0.0481655125472004)
(0.000640869140625 0.04816952527515318)
(0.00067138671875 0.048173529225334494)
(0.000701904296875 0.048177524416947066)
(0.000732421875 0.04818151086915161)
(0.000762939453125 0.04818548860106691)
(0.00079345703125 0.04818945763176993)
(0.000823974609375 0.04819341798029589)
(0.0008544921875 0.04819736966563834)
(0.000885009765625 0.048201312706749315)
(0.00091552734375 0.04820524712253934)
(0.000946044921875 0.048209172931877584)
(0.0009765625 0.04821309015359194)
(0.001007080078125 0.048216998806469076)
(0.00103759765625 0.04822089890925459)
(0.001068115234375 0.04822479048065305)
(0.0010986328125 0.04822867353932809)
(0.001129150390625 0.04823254810390252)
(0.00115966796875 0.04823641419295839)
(0.001190185546875 0.04824027182503711)
(0.001220703125 0.04824412101863952)
(0.001251220703125 0.048247961792225964)
(0.00128173828125 0.04825179416421642)
(0.0013427734375 0.04825943378602524)
(0.00140380859375 0.0482670400214039)
(0.00146484375 0.048274613016267565)
(0.00152587890625 0.048282152915893585)
(0.0015869140625 0.048289659864924284)
(0.00164794921875 0.04829713400736973)
(0.001708984375 0.04830457548661051)
(0.00177001953125 0.04831198444540048)
(0.0018310546875 0.0483193610258695)
(0.00189208984375 0.04832670536952616)
(0.001953125 0.04833401761726051)
(0.00201416015625 0.04834129790934674)
(0.0020751953125 0.04834854638544591)
(0.00213623046875 0.048355763184608595)
(0.002197265625 0.04836294844527758)
(0.00225830078125 0.04837010230529049)
(0.0023193359375 0.04837722490188247)
(0.00238037109375 0.04838431637168879)
(0.00244140625 0.048391376850747465)
(0.00250244140625 0.04839840647450192)
(0.0025634765625 0.048405405377803516)
(0.00262451171875 0.04841237369491418)
(0.002685546875 0.048419311559508994)
(0.00274658203125 0.04842621910467872)
(0.0028076171875 0.04843309646293237)
(0.00286865234375 0.048439943766199776)
(0.0029296875 0.04844676114583411)
(0.00299072265625 0.04845354873261437)
(0.0030517578125 0.04846030665674793)
(0.00311279296875 0.04846703504787304)
(0.003173828125 0.04847373403506127)
(0.00323486328125 0.04848040374682006)
(0.0032958984375 0.048487044311095115)
(0.00335693359375 0.048493655855272905)
(0.00341796875 0.048500238506183097)
(0.00347900390625 0.04850679239010097)
(0.0035400390625 0.048513317632749894)
(0.00360107421875 0.04851981435930367)
(0.003662109375 0.048526282694388995)
(0.00372314453125 0.04853272276208781)
(0.0037841796875 0.04853913468593972)
(0.00384521484375 0.04854551858894433)
(0.00390625 0.04855187459356363)
(0.00396728515625 0.04855820282172433)
(0.0040283203125 0.048564503394820206)
(0.00408935546875 0.04857077643371445)
(0.004150390625 0.04857702205874194)
(0.00421142578125 0.04858324038971161)
(0.0042724609375 0.048589431545908696)
(0.00433349609375 0.04859559564609707)
(0.00439453125 0.04860173280852148)
(0.00445556640625 0.04860784315090986)
(0.0045166015625 0.04861392679047554)
(0.00457763671875 0.04861998384391955)
(0.004638671875 0.04862601442743283)
(0.00469970703125 0.048632018656698445)
(0.0047607421875 0.04863799664689384)
(0.00482177734375 0.04864394851269303)
(0.0048828125 0.048649874368268814)
(0.00494384765625 0.04865577432729494)
(0.0050048828125 0.04866164850294832)
(0.00506591796875 0.04866749700791117)
(0.005126953125 0.04867331995437321)
(0.00518798828125 0.0486791174540338)
(0.0052490234375 0.04868488961810404)
(0.00531005859375 0.048690636557309)
(0.00537109375 0.04869635838188974)
(0.00543212890625 0.048702055201605504)
(0.0054931640625 0.048707727125735796)
(0.00555419921875 0.048713374263082476)
(0.005615234375 0.048718996721971844)
(0.00567626953125 0.04872459461025674)
(0.0057373046875 0.04873016803531858)
(0.00579833984375 0.04873571710406947)
(0.005859375 0.0487412419229542)
(0.00592041015625 0.048746742597952315)
(0.0059814453125 0.048752219234580146)
(0.00604248046875 0.04875767193789285)
(0.006103515625 0.048763100812486394)
(0.00616455078125 0.048768505962499584)
(0.0062255859375 0.04877388749161606)
(0.00628662109375 0.048779245503066296)
(0.00634765625 0.04878458009962955)
(0.00640869140625 0.04878989138363587)
(0.0064697265625 0.04879517945696804)
(0.00653076171875 0.048800444421063544)
(0.006591796875 0.0488056863769165)
(0.00665283203125 0.04881090542507962)
(0.0067138671875 0.04881610166566612)
(0.00677490234375 0.04882127519835164)
(0.0068359375 0.04882642612237617)
(0.00689697265625 0.04883155453654597)
(0.0069580078125 0.048836660539235396)
(0.00701904296875 0.04884174422838889)
(0.007080078125 0.04884680570152278)
(0.00714111328125 0.04885184505572718)
(0.0072021484375 0.04885686238766785)
(0.00726318359375 0.04886185779358806)
(0.00732421875 0.04886683136931043)
(0.00738525390625 0.04887178321023876)
(0.0074462890625 0.04887671341135988)
(0.00750732421875 0.048881622067245445)
(0.007568359375 0.04888650927205379)
(0.00762939453125 0.048891375119531705)
(0.0076904296875 0.048896219703016226)
(0.00775146484375 0.04890104311543647)
(0.0078125 0.04890584544931538)
(0.00787353515625 0.0489106267967715)
(0.0079345703125 0.04891538724952078)
(0.00799560546875 0.04892012689887828)
(0.008056640625 0.04892484583575999)
(0.00811767578125 0.048929544150684505)
(0.0081787109375 0.048934221933774814)
(0.00823974609375 0.048938879274760004)
(0.00830078125 0.04894351626297699)
(0.00836181640625 0.048948132987372224)
(0.0084228515625 0.04895272953650341)
(0.00848388671875 0.048957305998541194)
(0.008544921875 0.04896186246127088)
(0.00860595703125 0.048966399012094056)
(0.0086669921875 0.04897091573803035)
(0.00872802734375 0.04897541272571904)
(0.0087890625 0.04897989006142075)
(0.00885009765625 0.04898434783101907)
(0.0089111328125 0.048988786120022255)
(0.00897216796875 0.04899320501356482)
(0.009033203125 0.04899760459640919)
(0.00909423828125 0.04900198495294734)
(0.0091552734375 0.04900634616720239)
(0.00921630859375 0.04901068832283023)
(0.00927734375 0.04901501150312113)
(0.00933837890625 0.049019315791001335)
(0.0093994140625 0.04902360126903465)
(0.00946044921875 0.04902786801942402)
(0.009521484375 0.049032116124013134)
(0.00958251953125 0.04903634566428797)
(0.0096435546875 0.04904055672137836)
(0.00970458984375 0.04904474937605955)
(0.009765625 0.049048923708753765)
(0.00982666015625 0.04905307979953174)
(0.0098876953125 0.04905721772811424)
(0.00994873046875 0.04906133757387363)
(0.010009765625 0.049065439415835355)
(0.01007080078125 0.04906952333267948)
(0.0101318359375 0.0490735894027422)
(0.01019287109375 0.04907763770401734)
(0.01025390625 0.049081668314157834)
(0.01031494140625 0.049085681310477254)
(0.0103759765625 0.04908967676995126)
(0.01043701171875 0.049093654769219085)
(0.010498046875 0.049097615384585014)
(0.01055908203125 0.049101558692019834)
(0.0106201171875 0.04910548476716231)
(0.01068115234375 0.04910939368532062)
(0.0107421875 0.04911328552147381)
(0.01080322265625 0.049117160350273234)
(0.0108642578125 0.049121018246043965)
(0.01092529296875 0.04912485928278626)
(0.010986328125 0.049128683534176945)
(0.01104736328125 0.04913249107357084)
(0.0111083984375 0.04913628197400217)
(0.01116943359375 0.04914005630818597)
(0.01123046875 0.04914381414851947)
(0.01129150390625 0.04914755556708349)
(0.0113525390625 0.04915128063564382)
(0.01141357421875 0.0491549894256526)
(0.011474609375 0.049158682008249695)
(0.01153564453125 0.049162358454264046)
(0.0115966796875 0.04916601883421504)
(0.01165771484375 0.049169663218313876)
(0.01171875 0.04917329167646487)
(0.01177978515625 0.04917690427826685)
(0.0118408203125 0.049180501093014445)
(0.01190185546875 0.04918408218969945)
(0.011962890625 0.049187647637012125)
(0.01202392578125 0.04919119750334252)
(0.0120849609375 0.049194731856781804)
(0.01214599609375 0.04919825076512353)
(0.01220703125 0.049201754295865006)
(0.01226806640625 0.04920524251620851)
(0.0123291015625 0.04920871549306262)
(0.01239013671875 0.049212173293043504)
(0.012451171875 0.049215615982476195)
(0.01251220703125 0.04921904362739585)
(0.0125732421875 0.04922245629354901)
(0.01263427734375 0.049225854046394894)
(0.0126953125 0.049229236951106634)
(0.01275634765625 0.049232605072572516)
(0.0128173828125 0.04923595847539725)
(0.01287841796875 0.049239297223903196)
(0.012939453125 0.049242621382131584)
(0.01300048828125 0.04924593101384377)
(0.0130615234375 0.049249226182522456)
(0.01312255859375 0.04925250695137287)
(0.01318359375 0.04925577338332404)
(0.0133056640625 0.04926226351785361)
(0.01336669921875 0.049265487313801454)
(0.013427734375 0.04926869702182843)
(0.01348876953125 0.04927189270350039)
(0.0135498046875 0.049275074420114126)
(0.01361083984375 0.04927824223269853)
(0.013671875 0.04928139620201578)
(0.01373291015625 0.04928453638856249)
(0.0137939453125 0.049287662852570906)
(0.01385498046875 0.049290775654009966)
(0.013916015625 0.049293874852586614)
(0.01397705078125 0.049296960507746825)
(0.0140380859375 0.04930003267867675)
(0.01409912109375 0.04930309142430389)
(0.01416015625 0.04930613680329821)
(0.01422119140625 0.04930916887407326)
(0.0142822265625 0.0493121876947873)
(0.01434326171875 0.04931519332334442)
(0.014404296875 0.04931818581739566)
(0.01446533203125 0.04932116523434008)
(0.0145263671875 0.04932413163132591)
(0.01458740234375 0.04932708506525161)
(0.0146484375 0.04933002559276698)
(0.01470947265625 0.049332953270274225)
(0.0147705078125 0.04933586815392908)
(0.01483154296875 0.049338770299641836)
(0.014892578125 0.049341659763078444)
(0.01495361328125 0.049344536599661586)
(0.0150146484375 0.04934740086457171)
(0.01507568359375 0.049350252612748134)
(0.01513671875 0.049353091898890034)
(0.01519775390625 0.049355918777457576)
(0.0152587890625 0.04935873330267288)
(0.01531982421875 0.04936153552852113)
(0.015380859375 0.04936432550875155)
(0.01544189453125 0.04936710329687847)
(0.0155029296875 0.04936986894618236)
(0.01556396484375 0.04937262250971082)
(0.015625 0.04937536404027963)
(0.01568603515625 0.04937809359047373)
(0.0157470703125 0.04938081121264827)
(0.01580810546875 0.04938351695892957)
(0.015869140625 0.049386210881216155)
(0.01593017578125 0.049388893031179736)
(0.0159912109375 0.0493915634602662)
(0.01605224609375 0.0493942222196966)
(0.01611328125 0.04939686936046815)
(0.01617431640625 0.049399504933355175)
(0.0162353515625 0.049402128988910096)
(0.016357421875 0.04940734277401959)
(0.0164794921875 0.04941251109049085)
(0.0166015625 0.04941763433485903)
(0.0167236328125 0.0494227129002009)
(0.016845703125 0.04942774717616503)
(0.0169677734375 0.04943273754900165)
(0.01708984375 0.049437684401592324)
(0.0172119140625 0.04944258811347933)
(0.017333984375 0.04944744906089477)
(0.0174560546875 0.04945226761678947)
(0.017578125 0.049457044150861544)
(0.0177001953125 0.04946177902958485)
(0.017822265625 0.04946647261623704)
(0.0179443359375 0.04947112527092745)
(0.01806640625 0.04947573735062479)
(0.0181884765625 0.04948030920918447)
(0.018310546875 0.04948484119737577)
(0.0184326171875 0.0494893336629088)
(0.0185546875 0.049493786950461124)
(0.0186767578125 0.04949820140170425)
(0.018798828125 0.04950257735532985)
(0.0189208984375 0.0495069151470757)
(0.01904296875 0.04951121510975152)
(0.0191650390625 0.04951547757326446)
(0.019287109375 0.04951970286464443)
(0.0194091796875 0.049523891308069196)
(0.01953125 0.04952804322488926)
(0.0196533203125 0.049532158933652516)
(0.019775390625 0.0495362387501287)
(0.0198974609375 0.0495402829873336)
(0.02001953125 0.04954429195555313)
(0.0201416015625 0.04954826596236705)
(0.020263671875 0.04955220531267266)
(0.0203857421875 0.04955611030870815)
(0.0205078125 0.049559981250075796)
(0.0206298828125 0.04956381843376495)
(0.020751953125 0.04956762215417485)
(0.0208740234375 0.04957139270313719)
(0.02099609375 0.049575130369938505)
(0.0211181640625 0.0495788354413424)
(0.021240234375 0.049582508201611544)
(0.0213623046875 0.04958614893252946)
(0.021484375 0.04958975791342217)
(0.0216064453125 0.049593335421179635)
(0.021728515625 0.049596881730276994)
(0.0218505859375 0.0496003971127956)
(0.02197265625 0.04960388183844394)
(0.0220947265625 0.04960733617457832)
(0.022216796875 0.04961076038622335)
(0.0223388671875 0.04961415473609232)
(0.0224609375 0.04961751948460734)
(0.0225830078125 0.04962085488991932)
(0.022705078125 0.04962416120792778)
(0.0228271484375 0.049627438692300505)
(0.02294921875 0.04963068759449298)
(0.0230712890625 0.04963390816376771)
(0.023193359375 0.04963710064721334)
(0.0233154296875 0.0496402652897636)
(0.0234375 0.049643402334216116)
(0.0235595703125 0.04964651202125103)
(0.023681640625 0.04964959458944949)
(0.0238037109375 0.04965265027531192)
(0.02392578125 0.0496556793132762)
(0.0240478515625 0.04965868193573564)
(0.024169921875 0.04966165837305682)
(0.0242919921875 0.04966460885359724)
(0.0244140625 0.0496675336037229)
(0.0245361328125 0.049670432847825595)
(0.024658203125 0.0496733068083402)
(0.0247802734375 0.049676155705761685)
(0.02490234375 0.049678979758662076)
(0.0250244140625 0.049681779183707205)
(0.025146484375 0.04968455419567332)
(0.0252685546875 0.0496873050074636)
(0.025390625 0.04969003183012448)
(0.0255126953125 0.04969273487286182)
(0.025634765625 0.04969541434305699)
(0.0257568359375 0.049698070446282765)
(0.02587890625 0.049700703386319094)
(0.0260009765625 0.04970331336516876)
(0.026123046875 0.04970590058307285)
(0.0262451171875 0.04970846523852616)
(0.0263671875 0.049711007528292356)
(0.0264892578125 0.04971352764741915)
(0.026611328125 0.04971602578925323)
(0.0267333984375 0.04971850214545507)
(0.02685546875 0.0497209569060137)
(0.0269775390625 0.04972339025926121)
(0.027099609375 0.04972580239188726)
(0.0272216796875 0.049728193488953375)
(0.02734375 0.049730563733907156)
(0.0274658203125 0.04973291330859634)
(0.027587890625 0.04973524239328277)
(0.0277099609375 0.049737551166656235)
(0.02783203125 0.04973983980584814)
(0.0279541015625 0.04974210848644514)
(0.028076171875 0.049744357382502595)
(0.0281982421875 0.04974658666655791)
(0.0283203125 0.04974879650964381)
(0.0284423828125 0.04975098708130144)
(0.028564453125 0.04975315854959336)
(0.0286865234375 0.04975531108111647)
(0.02880859375 0.04975744484101478)
(0.0289306640625 0.049759559992992065)
(0.029052734375 0.04976165669932446)
(0.0291748046875 0.04976373512087288)
(0.029296875 0.049765795417095374)
(0.0294189453125 0.04976783774605937)
(0.029541015625 0.049769862264453776)
(0.0296630859375 0.049771869127601044)
(0.02978515625 0.04977385848946904)
(0.030029296875 0.04977778539319615)
(0.0301513671875 0.04977972316101336)
(0.0302734375 0.049781644030117624)
(0.0303955078125 0.04978354814787909)
(0.030517578125 0.049785435660382724)
(0.0306396484375 0.049787306712439486)
(0.03076171875 0.049789161447597444)
(0.0308837890625 0.0497910000081528)
(0.031005859375 0.04979282253516079)
(0.03125 0.0497964201150141)
(0.031494140625 0.049799955220415006)
(0.03173828125 0.04980342893628465)
(0.031982421875 0.04980684232870331)
(0.0322265625 0.04981019644523758)
(0.032470703125 0.04981349231526188)
(0.03271484375 0.04981673095027444)
(0.032958984375 0.049819913344207704)
(0.033203125 0.049823040473733406)
(0.033447265625 0.049826113298562326)
(0.03369140625 0.049829132761738844)
(0.033935546875 0.0498320997899304)
(0.0341796875 0.049835015293711864)
(0.034423828125 0.04983788016784504)
(0.03466796875 0.04984069529155327)
(0.034912109375 0.049843461528791294)
(0.03515625 0.04984617972851041)
(0.035400390625 0.04984885072491901)
(0.03564453125 0.04985147533773863)
(0.035888671875 0.049854054372455554)
(0.0361328125 0.049856588620567986)
(0.036376953125 0.049859078859829)
(0.03662109375 0.04986152585448526)
(0.036865234375 0.049863930355511524)
(0.037109375 0.04986629310084118)
(0.037353515625 0.0498686148155927)
(0.03759765625 0.04987089621229222)
(0.037841796875 0.049873137991092165)
(0.0380859375 0.04987534083998618)
(0.038330078125 0.04987750543502029)
(0.03857421875 0.049879632440500345)
(0.038818359375 0.049881722509195925)
(0.0390625 0.049883776282540704)
(0.039306640625 0.04988579439082927)
(0.03955078125 0.0498877774534106)
(0.039794921875 0.04988972607887813)
(0.0400390625 0.04989164086525653)
(0.040283203125 0.049893522400185276)
(0.04052734375 0.04989537126109897)
(0.040771484375 0.04989718801540456)
(0.041015625 0.04989897322065551)
(0.041259765625 0.049900727424722874)
(0.04150390625 0.04990245116596349)
(0.041748046875 0.049904144973385176)
(0.0419921875 0.04990580936680907)
(0.042236328125 0.04990744485702923)
(0.04248046875 0.04990905194596931)
(0.042724609375 0.0499106311268367)
(0.04296875 0.0499121828842738)
(0.043212890625 0.049913707694506836)
(0.04345703125 0.04991520602549199)
(0.043701171875 0.04991667833705898)
(0.0439453125 0.04991812508105224)
(0.044189453125 0.049919546701469586)
(0.04443359375 0.04992094363459843)
(0.044677734375 0.04992231630914975)
(0.044921875 0.0499236651463896)
(0.045166015625 0.04992499056026844)
(0.04541015625 0.049926292957548156)
(0.045654296875 0.049927572737926904)
(0.0458984375 0.04992883029416179)
(0.046142578125 0.04993006601218939)
(0.04638671875 0.0499312802712442)
(0.046630859375 0.049932473443975035)
(0.046875 0.049933645896559374)
(0.047119140625 0.04993479798881577)
(0.04736328125 0.049935930074314246)
(0.0478515625 0.049938135775012896)
(0.04833984375 0.04994026552858223)
(0.048828125 0.049942321950055595)
(0.04931640625 0.04994430756442429)
(0.0498046875 0.049946224809738024)
(0.05029296875 0.049948076040098495)
(0.05078125 0.04994986352854998)
(0.05126953125 0.04995158946987036)
(0.0517578125 0.049953255983266054)
(0.05224609375 0.049954865114974115)
(0.052734375 0.0499564188407748)
(0.05322265625 0.04995791906841755)
(0.0537109375 0.049959367639963496)
(0.05419921875 0.04996076633404725)
(0.0546875 0.04996211686806089)
(0.05517578125 0.04996342090026263)
(0.0556640625 0.04996468003181302)
(0.05615234375 0.049965895808740925)
(0.056640625 0.049967069723841864)
(0.05712890625 0.049968203218510934)
(0.0576171875 0.04996929768451271)
(0.05810546875 0.04997035446569012)
(0.05859375 0.04997137485961448)
(0.05908203125 0.049972360119178785)
(0.0595703125 0.04997331145413606)
(0.06005859375 0.049974230032584804)
(0.060546875 0.04997511698240322)
(0.06103515625 0.04997597339263412)
(0.0615234375 0.04997680031482213)
(0.06201171875 0.04997759876430481)
(0.0625 0.04997836972145939)
(0.06298828125 0.04997911413290649)
(0.0634765625 0.049979832912672495)
(0.06396484375 0.0499805269433118)
(0.064453125 0.049981197076990495)
(0.06494140625 0.0499818441365327)
(0.0654296875 0.04998246891643087)
(0.06640625 0.049983655030981664)
(0.0673828125 0.04998476084704057)
(0.068359375 0.04998579180071956)
(0.0693359375 0.04998675296011186)
(0.0703125 0.0499876490502065)
(0.0712890625 0.049988484476116125)
(0.072265625 0.04998926334473229)
(0.0732421875 0.049989989484914774)
(0.07421875 0.04999066646631397)
(0.0751953125 0.04999129761691915)
(0.076171875 0.04999188603941864)
(0.0771484375 0.049992434626452455)
(0.078125 0.049992946074832324)
(0.0791015625 0.04999342289879907)
(0.080078125 0.04999386744238245)
(0.0810546875 0.049994281890924225)
(0.08203125 0.04999466828182121)
(0.083984375 0.049995365158426036)
(0.0849609375 0.049995678213477626)
(0.0859375 0.04999597007509693)
(0.087890625 0.0499964964631063)
(0.08984375 0.049996953913019275)
(0.091796875 0.049997351453274066)
(0.09375 0.049997696929904654)
(0.095703125 0.04999799716139382)
(0.09765625 0.04999825807324584)
(0.099609375 0.04999848481493498)
(0.1015625 0.04999868186153791)
(0.103515625 0.04999885310205581)
(0.10546875 0.04999900191616952)
(0.109375 0.049999244669696116)
(0.11328125 0.04999942774689358)
(0.1171875 0.049999565818108355)
(0.12109375 0.049999669947275775)
(0.125 0.04999974847849689)
(0.12890625 0.049999807704670815)
(0.1328125 0.049999852371762014)
(0.140625 0.049999912372947895)
(0.1484375 0.04999994611021443)
(0.15625 0.04999996509178395)
(0.171875 0.049999982813985835)
(0.1875 0.0499999893546589)
(0.25 0.04999998634496791)
(0.5 0.04999999328577117)
(1.0 0.0499999850510745)
(2.0 0.04999999397626002)
(3.0 0.04999998457008639)
(4.0 0.04999999447238457)
(5.0 0.04999998405788547)
(6.0 0.049999995001626045)
(7.0 0.04999998351061312)
(8.0 0.049999995567947646)
(9.0 0.04999998292419384)
(10.0 0.04999999617554509)
(11.0 0.049999982294303635)
(12.0 0.04999999682887887)
(13.0 0.049999981616337064)
(14.0 0.04999999753270805)
(15.0 0.04999998088537256)
(16.0 0.04999999829212587)
(17.0 0.04999998009613577)
(18.0 0.04999999911259747)
(19.0 0.049999979242960735)
(20.0 0.05))