((-50.0 1.0)
(-49.0 1.0)
(-48.0 1.0)
(-47.0 1.0)
(-46.0 1.0)
(-45.0 1.0)
(-44.0 1.0)
(-43.0 1.0)
(-42.0 1.0)
(-41.0 1.0)
(-40.0 1.0)
(-39.0 1.0)
(-38.0 1.0)
(-37.0 1.0)
(-36.0 1.0)
(-35.0 1.0)
(-34.0 1.0)
(-33.0 1.0)
(-32.0 1.0)
(-31.0 1.0)
(-30.0 1.0)
(-29.0 1.0)
(-28.0 1.0)
(-27.0 1.0)
(-26.0 1.0)
(-25.0 1.0)
(-24.0 1.0)
(-23.0 1.0)
(-22.0 1.0)
(-21.0 1.0)
(-20.0 1.0)
(-19.0 1.0)
(-18.0 1.0)
(-17.0 1.0)
(-16.0 1.0)
(-15.0 1.0)
(-14.0 1.0)
(-13.0 1.0)
(-12.0 1.0)
(-11.0 0.9999999999999998)
(-10.0 1.0000000000000018)
(-9.0 0.9999999999999892)
(-8.0 1.0000000000000697)
(-7.0 0.99999999999955)
(-6.0 1.0000000000029072)
(-5.0 0.9999999999812182)
(-4.0 1.0000000001213336)
(-3.0 0.9999999992162144)
(-2.75 0.9999999905789426)
(-2.5 0.9999999448009812)
(-2.375 0.9999998505091041)
(-2.25 0.9999996554212814)
(-2.125 0.9999991794287058)
(-2.0625 0.9999986874836396)
(-2.0 0.9999980040201434)
(-1.9375 0.9999969300631485)
(-1.875 0.9999952904276878)
(-1.8125 0.9999927708390715)
(-1.78125 0.9999909570339223)
(-1.75 0.9999888056571388)
(-1.71875 0.9999861343220064)
(-1.6875 0.9999828260920832)
(-1.65625 0.9999787285132741)
(-1.625 0.9999736532913438)
(-1.59375 0.9999673671717539)
(-1.578125 0.9999636162507582)
(-1.5625 0.9999594916770116)
(-1.546875 0.9999549142495244)
(-1.53125 0.999949823354471)
(-1.515625 0.9999441585948242)
(-1.5 0.999937854566232)
(-1.484375 0.9999308389460241)
(-1.4765625 0.9999270183596191)
(-1.46875 0.9999229977275684)
(-1.453125 0.9999143341961865)
(-1.4453125 0.9999096063910925)
(-1.4375 0.9999046289840281)
(-1.4296875 0.9998993836275126)
(-1.421875 0.9998938530962511)
(-1.4140625 0.9998880203706623)
(-1.40625 0.9998818681192747)
(-1.3984375 0.9998753783956031)
(-1.390625 0.9998685324497307)
(-1.3828125 0.9998613106005741)
(-1.375 0.9998536921395466)
(-1.3671875 0.9998456552497011)
(-1.359375 0.9998371769316716)
(-1.3515625 0.999828232931622)
(-1.34375 0.9998187976685293)
(-1.3359375 0.9998088441592549)
(-1.328125 0.9997983439404675)
(-1.3203125 0.999787266986806)
(-1.3125 0.9997755816248363)
(-1.3046875 0.9997632544424443)
(-1.296875 0.9997502501933471)
(-1.2890625 0.999736531696414)
(-1.28125 0.9997220597294982)
(-1.2734375 0.999706792917465)
(-1.265625 0.9996906876140934)
(-1.2578125 0.9996736977775172)
(-1.25 0.9996557748388458)
(-1.2421875 0.9996368675635964)
(-1.234375 0.9996169219055425)
(-1.2265625 0.9995958808525655)
(-1.22265625 0.9995849136030293)
(-1.21875 0.9995736537673776)
(-1.21484375 0.9995620922437767)
(-1.2109375 0.999550219989979)
(-1.20703125 0.9995380279454553)
(-1.203125 0.9995255069720727)
(-1.1953125 0.999499477266426)
(-1.19140625 0.9994859037471328)
(-1.1875 0.9994719656657447)
(-1.18359375 0.9994576523346441)
(-1.1796875 0.9994429529888673)
(-1.17578125 0.9994278567289813)
(-1.171875 0.9994123524767168)
(-1.16796875 0.9993964289399865)
(-1.1640625 0.9993800745847923)
(-1.16015625 0.9993632776121734)
(-1.15625 0.999346025938823)
(-1.15234375 0.9993283071803608)
(-1.1484375 0.9993101086365043)
(-1.14453125 0.9992914172775822)
(-1.140625 0.9992722197319721)
(-1.13671875 0.9992525022741544)
(-1.1328125 0.9992322508131498)
(-1.12890625 0.9992114508811684)
(-1.125 0.999190087622341)
(-1.12109375 0.9991681457814326)
(-1.1171875 0.9991456096924661)
(-1.11328125 0.9991224632671954)
(-1.109375 0.9990986899833868)
(-1.10546875 0.9990742728728707)
(-1.1015625 0.9990491945093367)
(-1.09765625 0.9990234369958487)
(-1.09375 0.9989969819520591)
(-1.08984375 0.9989698105011073)
(-1.0859375 0.9989419032561849)
(-1.08203125 0.9989132403067561)
(-1.078125 0.9988838012044191)
(-1.07421875 0.9988535649483964)
(-1.0703125 0.9988225099706434)
(-1.06640625 0.9987906141205615)
(-1.0625 0.9987578546493069)
(-1.05859375 0.9987242081936812)
(-1.0546875 0.9986896507595937)
(-1.05078125 0.9986541577050825)
(-1.046875 0.9986177037228842)
(-1.04296875 0.998580262822538)
(-1.0390625 0.9985418083120134)
(-1.03515625 0.9985023127788484)
(-1.03125 0.9984617480707837)
(-1.02734375 0.9984200852758832)
(-1.0234375 0.9983772947021242)
(-1.01953125 0.9983333458564432)
(-1.015625 0.9982882074232264)
(-1.01171875 0.9982418472422264)
(-1.0078125 0.9981942322858928)
(-1.00390625 0.9981453286361004)
(-1.0 0.9980951014602595)
(-0.99609375 0.9980435149867919)
(-0.9921875 0.9979905324799568)
(-0.98828125 0.9979361162140099)
(-0.984375 0.9978802274466764)
(-0.98046875 0.9978228263919237)
(-0.9765625 0.9977638721920123)
(-0.97265625 0.9977033228888089)
(-0.96875 0.9976411353943401)
(-0.96484375 0.9975772654605701)
(-0.9609375 0.9975116676483811)
(-0.95703125 0.9974442952957338)
(-0.953125 0.9973751004849922)
(-0.94921875 0.9973040340093867)
(-0.9453125 0.9972310453385945)
(-0.94140625 0.9971560825834176)
(-0.9375 0.9970790924595313)
(-0.93359375 0.9970000202502833)
(-0.9296875 0.996918809768517)
(-0.92578125 0.9968354033173955)
(-0.923828125 0.996792840207274)
(-0.921875 0.9967497080408193)
(-0.919921875 0.9967059988442821)
(-0.91796875 0.9966617045861281)
(-0.916015625 0.9966168171695332)
(-0.9140625 0.9965713284257168)
(-0.912109375 0.9965252301079941)
(-0.91015625 0.996478513886445)
(-0.908203125 0.9964311713431111)
(-0.90625 0.9963831939676434)
(-0.904296875 0.9963345731533385)
(-0.90234375 0.9962853001935025)
(-0.900390625 0.9962353662780972)
(-0.8984375 0.9961847624906255)
(-0.896484375 0.9961334798052192)
(-0.89453125 0.9960815090838991)
(-0.892578125 0.9960288410739807)
(-0.890625 0.9959754664055998)
(-0.888671875 0.9959213755893426)
(-0.88671875 0.9958665590139583)
(-0.884765625 0.9958110069441425)
(-0.8828125 0.9957547095183769)
(-0.880859375 0.9956976567468151)
(-0.87890625 0.9956398385092046)
(-0.876953125 0.9955812445528363)
(-0.875 0.9955218644905146)
(-0.873046875 0.995461687798543)
(-0.87109375 0.9954007038147169)
(-0.869140625 0.9953389017363221)
(-0.8671875 0.9952762706181334)
(-0.865234375 0.9952127993704092)
(-0.86328125 0.9951484767568803)
(-0.861328125 0.9950832913927293)
(-0.859375 0.9950172317425586)
(-0.857421875 0.9949502861183448)
(-0.85546875 0.9948824426773771)
(-0.853515625 0.9948136894201799)
(-0.8515625 0.9947440141884152)
(-0.849609375 0.9946734046627668)
(-0.84765625 0.994601848360802)
(-0.845703125 0.9945293326348128)
(-0.84375 0.9944558446696328)
(-0.841796875 0.9943813714804306)
(-0.83984375 0.9943058999104799)
(-0.837890625 0.994229416628902)
(-0.8359375 0.9941519081283839)
(-0.833984375 0.9940733607228699)
(-0.83203125 0.9939937605452244)
(-0.830078125 0.993913093544869)
(-0.828125 0.9938313454853895)
(-0.826171875 0.9937485019421154)
(-0.82421875 0.9936645482996695)
(-0.822265625 0.9935794697494879)
(-0.8203125 0.9934932512873094)
(-0.818359375 0.9934058777106355)
(-0.81640625 0.9933173336161579)
(-0.814453125 0.9932276033971554)
(-0.8125 0.9931366712408586)
(-0.810546875 0.9930445211257822)
(-0.80859375 0.9929511368190252)
(-0.806640625 0.9928565018735374)
(-0.8046875 0.9927605996253518)
(-0.802734375 0.9926634131907854)
(-0.80078125 0.9925649254636028)
(-0.798828125 0.9924651191121466)
(-0.796875 0.9923639765764336)
(-0.794921875 0.9922614800652132)
(-0.79296875 0.9921576115529916)
(-0.791015625 0.99205235277702)
(-0.7890625 0.991945685234244)
(-0.787109375 0.9918375901782185)
(-0.78515625 0.9917280486159834)
(-0.783203125 0.9916170413049019)
(-0.78125 0.9915045487494609)
(-0.779296875 0.9913905511980317)
(-0.77734375 0.9912750286395926)
(-0.775390625 0.9911579608004115)
(-0.7734375 0.9910393271406887)
(-0.771484375 0.9909191068511589)
(-0.76953125 0.9907972788496535)
(-0.767578125 0.9906738217776201)
(-0.765625 0.990548713996602)
(-0.763671875 0.9904219335846749)
(-0.76171875 0.9902934583328408)
(-0.759765625 0.9901632657413799)
(-0.7578125 0.9900313330161586)
(-0.755859375 0.9898976370648936)
(-0.75390625 0.9897621544933727)
(-0.751953125 0.9896248616016299)
(-0.75 0.9894857343800766)
(-0.748046875 0.989344748505586)
(-0.74609375 0.9892018793375332)
(-0.744140625 0.9890571019137876)
(-0.7421875 0.9889103909466593)
(-0.740234375 0.9887617208187979)
(-0.73828125 0.988611065579044)
(-0.736328125 0.9884583989382323)
(-0.734375 0.9883036942649466)
(-0.732421875 0.988146924581225)
(-0.73046875 0.9879880625582168)
(-0.728515625 0.9878270805117891)
(-0.7265625 0.9876639503980824)
(-0.724609375 0.9874986438090164)
(-0.72265625 0.9873311319677449)
(-0.720703125 0.9871613857240575)
(-0.71875 0.9869893755497312)
(-0.716796875 0.9868150715338283)
(-0.71484375 0.9866384433779414)
(-0.712890625 0.9864594603913858)
(-0.7109375 0.9862780914863375)
(-0.7099609375 0.986186492554663)
(-0.708984375 0.9860942859588148)
(-0.7080078125 0.9860014676514012)
(-0.70703125 0.9859080335626949)
(-0.7060546875 0.9858139796002287)
(-0.705078125 0.9857193016484086)
(-0.7041015625 0.9856239955681414)
(-0.703125 0.9855280571964774)
(-0.7021484375 0.9854314823462663)
(-0.701171875 0.9853342668058247)
(-0.7001953125 0.9852364063386159)
(-0.69921875 0.9851378966829394)
(-0.6982421875 0.9850387335516302)
(-0.697265625 0.984938912631767)
(-0.6962890625 0.9848384295843882)
(-0.6953125 0.9847372800442158)
(-0.6943359375 0.9846354596193866)
(-0.693359375 0.9845329638911879)
(-0.6923828125 0.9844297884138015)
(-0.69140625 0.9843259287140509)
(-0.6904296875 0.9842213802911546)
(-0.689453125 0.9841161386164833)
(-0.6884765625 0.984010199133321)
(-0.6875 0.9839035572566306)
(-0.6865234375 0.983796208372822)
(-0.685546875 0.9836881478395235)
(-0.6845703125 0.9835793709853561)
(-0.68359375 0.98346987310971)
(-0.6826171875 0.9833596494825239)
(-0.681640625 0.9832486953440654)
(-0.6806640625 0.9831370059047145)
(-0.6796875 0.9830245763447468)
(-0.6787109375 0.9829114018141201)
(-0.677734375 0.9827974774322608)
(-0.6767578125 0.9826827982878522)
(-0.67578125 0.9825673594386234)
(-0.6748046875 0.9824511559111387)
(-0.673828125 0.9823341827005885)
(-0.6728515625 0.9822164347705794)
(-0.671875 0.9820979070529262)
(-0.6708984375 0.9819785944474434)
(-0.669921875 0.9818584918217368)
(-0.6689453125 0.9817375940109955)
(-0.66796875 0.9816158958177844)
(-0.6669921875 0.9814933920118358)
(-0.666015625 0.9813700773298415)
(-0.6650390625 0.9812459464752444)
(-0.6640625 0.9811209941180303)
(-0.6630859375 0.980995214894519)
(-0.662109375 0.9808686034071553)
(-0.6611328125 0.9807411542242994)
(-0.66015625 0.9806128618800173)
(-0.6591796875 0.9804837208738703)
(-0.658203125 0.9803537256707037)
(-0.6572265625 0.9802228707004365)
(-0.65625 0.9800911503578479)
(-0.6552734375 0.9799585590023662)
(-0.654296875 0.9798250909578541)
(-0.6533203125 0.9796907405123959)
(-0.65234375 0.9795555019180824)
(-0.6513671875 0.979419369390795)
(-0.650390625 0.9792823371099906)
(-0.6494140625 0.979144399218484)
(-0.6484375 0.9790055498222303)
(-0.6474609375 0.9788657829901066)
(-0.646484375 0.9787250927536927)
(-0.6455078125 0.9785834731070503)
(-0.64453125 0.9784409180065032)
(-0.6435546875 0.9782974213704142)
(-0.642578125 0.9781529770789631)
(-0.6416015625 0.9780075789739228)
(-0.640625 0.9778612208584345)
(-0.6396484375 0.9777138964967826)
(-0.638671875 0.9775655996141684)
(-0.6376953125 0.977416323896482)
(-0.63671875 0.9772660629900751)
(-0.6357421875 0.9771148105015308)
(-0.634765625 0.9769625599974341)
(-0.6337890625 0.9768093050041403)
(-0.6328125 0.9766550390075434)
(-0.6318359375 0.9764997554528425)
(-0.630859375 0.976343447744308)
(-0.6298828125 0.9761861092450469)
(-0.62890625 0.9760277332767658)
(-0.6279296875 0.9758683131195351)
(-0.626953125 0.9757078420115501)
(-0.6259765625 0.9755463131488925)
(-0.625 0.9753837196852899)
(-0.6240234375 0.9752200547318755)
(-0.623046875 0.9750553113569453)
(-0.6220703125 0.9748894825857161)
(-0.62109375 0.9747225614000803)
(-0.6201171875 0.9745545407383618)
(-0.619140625 0.9743854134950695)
(-0.6181640625 0.9742151725206505)
(-0.6171875 0.974043810621242)
(-0.6162109375 0.973871320558422)
(-0.615234375 0.9736976950489595)
(-0.6142578125 0.9735229267645635)
(-0.61328125 0.9733470083316307)
(-0.6123046875 0.9731699323309921)
(-0.611328125 0.9729916912976598)
(-0.6103515625 0.972812277720571)
(-0.609375 0.9726316840423321)
(-0.6083984375 0.9724499026589621)
(-0.607421875 0.9722669259196338)
(-0.6064453125 0.9720827461264148)
(-0.60546875 0.9718973555340076)
(-0.6044921875 0.9717107463494885)
(-0.603515625 0.9715229107320453)
(-0.6025390625 0.971333840792714)
(-0.6015625 0.9711435285941151)
(-0.6005859375 0.9709519661501883)
(-0.599609375 0.9707591454259266)
(-0.5986328125 0.9705650583371087)
(-0.59765625 0.9703696967500316)
(-0.5966796875 0.9701730524812414)
(-0.595703125 0.9699751172972633)
(-0.5947265625 0.9697758829143303)
(-0.59375 0.9695753409981118)
(-0.5927734375 0.9693734831634406)
(-0.591796875 0.9691703009740391)
(-0.5908203125 0.9689657859422441)
(-0.58984375 0.9687599295287319)
(-0.5888671875 0.968552723142241)
(-0.587890625 0.9683441581392944)
(-0.5869140625 0.968134225823922)
(-0.5859375 0.9679229174473801)
(-0.5849609375 0.9677102242078719)
(-0.583984375 0.9674961372502657)
(-0.5830078125 0.9672806476658129)
(-0.58203125 0.967063746491865)
(-0.5810546875 0.9668454247115897)
(-0.580078125 0.966625673253686)
(-0.5791015625 0.9664044829920982)
(-0.578125 0.9661818447457302)
(-0.5771484375 0.9659577492781569)
(-0.576171875 0.965732187297337)
(-0.5751953125 0.9655051494553231)
(-0.57421875 0.965276626347972)
(-0.5732421875 0.965046608514654)
(-0.572265625 0.9648150864379614)
(-0.5712890625 0.9645820505434157)
(-0.5703125 0.9643474911991746)
(-0.5693359375 0.964111398715738)
(-0.568359375 0.9638737633456533)
(-0.5673828125 0.9636345752832195)
(-0.56640625 0.9633938246641913)
(-0.5654296875 0.9631515015654816)
(-0.564453125 0.9629075960048641)
(-0.5634765625 0.9626620979406747)
(-0.5625 0.9624149972715117)
(-0.5615234375 0.9621662838359368)
(-0.560546875 0.9619159474121737)
(-0.5595703125 0.9616639777178068)
(-0.55859375 0.9614103644094796)
(-0.5576171875 0.9611550970825918)
(-0.556640625 0.9608981652709964)
(-0.5556640625 0.9606395584466947)
(-0.5546875 0.9603792660195333)
(-0.5537109375 0.9601172773368977)
(-0.552734375 0.9598535816834073)
(-0.5517578125 0.9595881682806086)
(-0.55078125 0.959321026286669)
(-0.5498046875 0.959052144796069)
(-0.548828125 0.9587815128392941)
(-0.5478515625 0.9585091193825269)
(-0.546875 0.958234953327338)
(-0.5458984375 0.9579590035103763)
(-0.544921875 0.9576812587030599)
(-0.5439453125 0.9574017076112649)
(-0.54296875 0.9571203388750157)
(-0.5419921875 0.956837141068173)
(-0.541015625 0.9565521026981231)
(-0.5400390625 0.9562652122054653)
(-0.5390625 0.9559764579637008)
(-0.5380859375 0.9556858282789188)
(-0.537109375 0.9553933113894849)
(-0.5361328125 0.9550988954657273)
(-0.53515625 0.954802568609624)
(-0.5341796875 0.9545043188544885)
(-0.533203125 0.9542041341646567)
(-0.5322265625 0.9539020024351724)
(-0.53125 0.9535979114914734)
(-0.5302734375 0.9532918490890772)
(-0.529296875 0.9529838029132661)
(-0.5283203125 0.9526737605787734)
(-0.52734375 0.9523617096294682)
(-0.5263671875 0.9520476375380408)
(-0.525390625 0.9517315317056882)
(-0.5244140625 0.9514133794617995)
(-0.5234375 0.9510931680636406)
(-0.5224609375 0.9507708846960404)
(-0.521484375 0.9504465164710758)
(-0.5205078125 0.9501200504277575)
(-0.51953125 0.9497914735317154)
(-0.5185546875 0.9494607726748849)
(-0.517578125 0.9491279346751929)
(-0.5166015625 0.9487929462762438)
(-0.515625 0.9484557941470066)
(-0.5146484375 0.9481164648815018)
(-0.513671875 0.9477749449984878)
(-0.5126953125 0.9474312209411494)
(-0.51171875 0.9470852790767854)
(-0.5107421875 0.9467371056964973)
(-0.509765625 0.9463866870148773)
(-0.5087890625 0.9460340091696986)
(-0.50830078125 0.9458568139582033)
(-0.5078125 0.9456790488828218)
(-0.50732421875 0.9455007121831434)
(-0.5068359375 0.9453218020941132)
(-0.50634765625 0.9451423168460154)
(-0.505859375 0.9449622546644546)
(-0.50537109375 0.9447816137703404)
(-0.5048828125 0.9446003923798695)
(-0.50439453125 0.9444185887045103)
(-0.50390625 0.9442362009509863)
(-0.50341796875 0.9440532273212601)
(-0.5029296875 0.9438696660125181)
(-0.50244140625 0.9436855152171552)
(-0.501953125 0.9435007731227593)
(-0.50146484375 0.9433154379120964)
(-0.5009765625 0.9431295077630961)
(-0.50048828125 0.9429429808488371)
(-0.5 0.9427558553375325)
(-0.49951171875 0.9425681293925159)
(-0.4990234375 0.9423798011722275)
(-0.49853515625 0.9421908688302005)
(-0.498046875 0.9420013305150469)
(-0.49755859375 0.9418111843704445)
(-0.4970703125 0.941620428535124)
(-0.49658203125 0.941429061142855)
(-0.49609375 0.9412370803224337)
(-0.49560546875 0.94104448419767)
(-0.4951171875 0.9408512708873747)
(-0.49462890625 0.9406574385053473)
(-0.494140625 0.9404629851603629)
(-0.49365234375 0.9402679089561606)
(-0.4931640625 0.9400722079914314)
(-0.49267578125 0.9398758803598058)
(-0.4921875 0.9396789241498423)
(-0.49169921875 0.9394813374450152)
(-0.4912109375 0.9392831183237034)
(-0.49072265625 0.9390842648591786)
(-0.490234375 0.9388847751195941)
(-0.48974609375 0.9386846471679732)
(-0.4892578125 0.9384838790621982)
(-0.48876953125 0.9382824688549992)
(-0.48828125 0.9380804145939432)
(-0.48779296875 0.937877714321423)
(-0.4873046875 0.9376743660746464)
(-0.48681640625 0.9374703678856257)
(-0.486328125 0.9372657177811666)
(-0.48583984375 0.9370604137828583)
(-0.4853515625 0.9368544539070625)
(-0.48486328125 0.9366478361649028)
(-0.484375 0.9364405585622554)
(-0.48388671875 0.9362326190997379)
(-0.4833984375 0.9360240157726994)
(-0.48291015625 0.9358147465712108)
(-0.482421875 0.9356048094800543)
(-0.48193359375 0.9353942024787137)
(-0.4814453125 0.935182923541365)
(-0.48095703125 0.9349709706368655)
(-0.48046875 0.9347583417287455)
(-0.47998046875 0.9345450347751976)
(-0.4794921875 0.9343310477290674)
(-0.47900390625 0.9341163785378446)
(-0.478515625 0.9339010251436526)
(-0.47802734375 0.93368498548324)
(-0.4775390625 0.9334682574879708)
(-0.47705078125 0.9332508390838153)
(-0.4765625 0.9330327281913412)
(-0.47607421875 0.9328139227257041)
(-0.4755859375 0.9325944205966384)
(-0.47509765625 0.9323742197084492)
(-0.474609375 0.9321533179600022)
(-0.47412109375 0.9319317132447157)
(-0.4736328125 0.9317094034505513)
(-0.47314453125 0.9314863864600057)
(-0.47265625 0.9312626601501016)
(-0.47216796875 0.9310382223923792)
(-0.4716796875 0.9308130710528879)
(-0.47119140625 0.9305872039921772)
(-0.470703125 0.9303606190652892)
(-0.47021484375 0.9301333141217495)
(-0.4697265625 0.929905287005559)
(-0.46923828125 0.9296765355551858)
(-0.46875 0.9294470576035573)
(-0.46826171875 0.9292168509780515)
(-0.4677734375 0.9289859135004893)
(-0.46728515625 0.9287542429871262)
(-0.466796875 0.9285218372486448)
(-0.46630859375 0.9282886940901465)
(-0.4658203125 0.9280548113111439)
(-0.46533203125 0.9278201867055528)
(-0.46484375 0.9275848180616847)
(-0.46435546875 0.9273487031622392)
(-0.4638671875 0.9271118397842961)
(-0.46337890625 0.9268742256993081)
(-0.462890625 0.9266358586730933)
(-0.46240234375 0.9263967364658278)
(-0.4619140625 0.9261568568320381)
(-0.46142578125 0.9259162175205942)
(-0.4609375 0.925674816274702)
(-0.46044921875 0.9254326508318967)
(-0.4599609375 0.9251897189240349)
(-0.45947265625 0.9249460182772878)
(-0.458984375 0.924701546612135)
(-0.45849609375 0.9244563016433562)
(-0.4580078125 0.9242102810800256)
(-0.45751953125 0.9239634826255043)
(-0.45703125 0.923715903977434)
(-0.45654296875 0.92346754282773)
(-0.4560546875 0.9232183968625751)
(-0.45556640625 0.9229684637624123)
(-0.455078125 0.9227177412019388)
(-0.45458984375 0.9224662268501)
(-0.4541015625 0.9222139183700824)
(-0.45361328125 0.9219608134193072)
(-0.453125 0.9217069096494255)
(-0.45263671875 0.9214522047063101)
(-0.4521484375 0.9211966962300513)
(-0.45166015625 0.9209403818549498)
(-0.451171875 0.9206832592095108)
(-0.45068359375 0.920425325916439)
(-0.4501953125 0.9201665795926317)
(-0.44970703125 0.919907017849174)
(-0.44921875 0.9196466382913322)
(-0.44873046875 0.9193854385185493)
(-0.4482421875 0.9191234161244385)
(-0.44775390625 0.9188605686967787)
(-0.447265625 0.9185968938175083)
(-0.44677734375 0.9183323890627204)
(-0.4462890625 0.9180670520026576)
(-0.44580078125 0.9178008802017065)
(-0.4453125 0.9175338712183929)
(-0.44482421875 0.9172660226053773)
(-0.4443359375 0.9169973319094489)
(-0.44384765625 0.9167277966715218)
(-0.443359375 0.9164574144266298)
(-0.44287109375 0.9161861827039216)
(-0.4423828125 0.9159140990266568)
(-0.44189453125 0.9156411609122007)
(-0.44140625 0.9153673658720205)
(-0.44091796875 0.9150927114116804)
(-0.4404296875 0.914817195030838)
(-0.43994140625 0.9145408142232395)
(-0.439453125 0.9142635664767161)
(-0.43896484375 0.9139854492731799)
(-0.4384765625 0.9137064600886198)
(-0.43798828125 0.9134265963930978)
(-0.4375 0.9131458556507452)
(-0.43701171875 0.9128642353197597)
(-0.4365234375 0.9125817328524003)
(-0.43603515625 0.9122983456949855)
(-0.435546875 0.912014071287889)
(-0.43505859375 0.9117289070655366)
(-0.4345703125 0.911442850456403)
(-0.43408203125 0.9111558988830092)
(-0.43359375 0.9108680497619188)
(-0.43310546875 0.9105793005037355)
(-0.4326171875 0.9102896485131003)
(-0.43212890625 0.9099990911886889)
(-0.431640625 0.9097076259232089)
(-0.43115234375 0.9094152501033972)
(-0.4306640625 0.9091219611100182)
(-0.43017578125 0.908827756317861)
(-0.4296875 0.9085326330957372)
(-0.42919921875 0.9082365888064792)
(-0.4287109375 0.9079396208069379)
(-0.42822265625 0.907641726447981)
(-0.427734375 0.9073429030744912)
(-0.42724609375 0.9070431480253646)
(-0.4267578125 0.9067424586335088)
(-0.42626953125 0.9064408322258423)
(-0.42578125 0.9061382661232921)
(-0.42529296875 0.9058347576407934)
(-0.4248046875 0.9055303040872882)
(-0.42431640625 0.905224902765724)
(-0.423828125 0.9049185509730533)
(-0.42333984375 0.904611246000233)
(-0.4228515625 0.9043029851322233)
(-0.42236328125 0.9039937656479874)
(-0.421875 0.9036835848204912)
(-0.42138671875 0.903372439916703)
(-0.4208984375 0.9030603281975932)
(-0.42041015625 0.9027472469181345)
(-0.419921875 0.9024331933273018)
(-0.41943359375 0.9021181646680723)
(-0.4189453125 0.9018021581774264)
(-0.41845703125 0.9014851710863476)
(-0.41796875 0.9011672006198232)
(-0.41748046875 0.9008482439968456)
(-0.4169921875 0.9005282984304119)
(-0.41650390625 0.9002073611275266)
(-0.416015625 0.8998854292892011)
(-0.41552734375 0.8995625001104562)
(-0.4150390625 0.8992385707803225)
(-0.41455078125 0.8989136384818429)
(-0.4140625 0.8985877003920734)
(-0.41357421875 0.8982607536820854)
(-0.4130859375 0.8979327955169675)
(-0.41259765625 0.8976038230558276)
(-0.412109375 0.8972738334517956)
(-0.41162109375 0.8969428238520245)
(-0.4111328125 0.8966107913976944)
(-0.41064453125 0.8962777332240143)
(-0.41015625 0.8959436464602251)
(-0.40966796875 0.8956085282296025)
(-0.4091796875 0.8952723756494605)
(-0.40869140625 0.8949351858311542)
(-0.408203125 0.8945969558800833)
(-0.40771484375 0.8942576828956956)
(-0.4072265625 0.8939173639714916)
(-0.40673828125 0.8935759961950268)
(-0.40625 0.893233576647917)
(-0.40576171875 0.8928901024058422)
(-0.4052734375 0.8925455705385507)
(-0.40478515625 0.8921999781098637)
(-0.404296875 0.8918533221776803)
(-0.40380859375 0.891505599793982)
(-0.4033203125 0.8911568080048377)
(-0.40283203125 0.8908069438504091)
(-0.40234375 0.8904560043649562)
(-0.40185546875 0.8901039865768423)
(-0.4013671875 0.88975088750854)
(-0.40087890625 0.8893967041766372)
(-0.400390625 0.8890414335918428)
(-0.39990234375 0.8886850727589934)
(-0.3994140625 0.888327618677059)
(-0.39892578125 0.8879690683391503)
(-0.3984375 0.887609418732525)
(-0.39794921875 0.8872486668385947)
(-0.3974609375 0.8868868096329325)
(-0.39697265625 0.8865238440852797)
(-0.396484375 0.8861597671595539)
(-0.39599609375 0.8857945758138559)
(-0.3955078125 0.8854282670004784)
(-0.39501953125 0.8850608376659135)
(-0.39453125 0.8846922847508609)
(-0.39404296875 0.8843226051902372)
(-0.3935546875 0.8839517959131832)
(-0.39306640625 0.8835798538430738)
(-0.392578125 0.8832067758975266)
(-0.39208984375 0.8828325589884113)
(-0.3916015625 0.8824572000218589)
(-0.39111328125 0.8820806958982715)
(-0.390625 0.8817030435123322)
(-0.39013671875 0.8813242397530151)
(-0.3896484375 0.8809442815035953)
(-0.38916015625 0.8805631656416598)
(-0.388671875 0.8801808890391182)
(-0.38818359375 0.8797974485622129)
(-0.3876953125 0.8794128410715311)
(-0.38720703125 0.8790270634220153)
(-0.38671875 0.8786401124629758)
(-0.38623046875 0.8782519850381015)
(-0.3857421875 0.8778626779854726)
(-0.38525390625 0.8774721881375721)
(-0.384765625 0.877080512321299)
(-0.38427734375 0.8766876473579807)
(-0.3837890625 0.8762935900633855)
(-0.38330078125 0.875898337247736)
(-0.3828125 0.8755018857157228)
(-0.38232421875 0.8751042322665178)
(-0.3818359375 0.8747053736937873)
(-0.38134765625 0.8743053067857075)
(-0.380859375 0.8739040283249778)
(-0.38037109375 0.8735015350888353)
(-0.3798828125 0.8730978238490703)
(-0.37939453125 0.8726928913720405)
(-0.37890625 0.8722867344186871)
(-0.37841796875 0.8718793497445494)
(-0.3779296875 0.8714707340997814)
(-0.37744140625 0.8710608842291674)
(-0.376953125 0.8706497968721382)
(-0.37646484375 0.8702374687627881)
(-0.3759765625 0.869823896629891)
(-0.37548828125 0.8694090771969184)
(-0.375 0.8689930071820557)
(-0.37451171875 0.8685756832982203)
(-0.3740234375 0.8681571022530796)
(-0.37353515625 0.8677372607490689)
(-0.373046875 0.8673161554834092)
(-0.37255859375 0.8668937831481274)
(-0.3720703125 0.8664701404300734)
(-0.37158203125 0.8660452240109406)
(-0.37109375 0.8656190305672851)
(-0.37060546875 0.8651915567705448)
(-0.3701171875 0.8647627992870602)
(-0.36962890625 0.8643327547780948)
(-0.369140625 0.8639014198998549)
(-0.36865234375 0.8634687913035112)
(-0.3681640625 0.8630348656352196)
(-0.36767578125 0.8625996395361433)
(-0.3671875 0.8621631096424738)
(-0.36669921875 0.8617252725854532)
(-0.3662109375 0.8612861249913969)
(-0.36572265625 0.8608456634817162)
(-0.365234375 0.8604038846729407)
(-0.36474609375 0.8599607851767425)
(-0.3642578125 0.8595163615999587)
(-0.36376953125 0.8590706105446165)
(-0.36328125 0.8586235286079564)
(-0.36279296875 0.8581751123824574)
(-0.3623046875 0.8577253584558611)
(-0.36181640625 0.8572742634111978)
(-0.361328125 0.8568218238268113)
(-0.36083984375 0.8563680362763847)
(-0.3603515625 0.8559128973289671)
(-0.35986328125 0.8554564035489993)
(-0.359375 0.8549985514963412)
(-0.35888671875 0.8545393377262982)
(-0.3583984375 0.8540787587896497)
(-0.35791015625 0.8536168112326759)
(-0.357421875 0.8531534915971861)
(-0.35693359375 0.852688796420548)
(-0.3564453125 0.852222722235715)
(-0.35595703125 0.851755265571257)
(-0.35546875 0.8512864229513887)
(-0.35498046875 0.8508161908959997)
(-0.3544921875 0.8503445659206852)
(-0.35400390625 0.8498715445367759)
(-0.353515625 0.8493971232513695)
(-0.35302734375 0.8489212985673614)
(-0.3525390625 0.8484440669834769)
(-0.35205078125 0.8479654249943026)
(-0.3515625 0.8474853690903194)
(-0.35107421875 0.8470038957579347)
(-0.3505859375 0.8465210014795159)
(-0.35009765625 0.8460366827334237)
(-0.349609375 0.8455509359940458)
(-0.34912109375 0.8450637577318316)
(-0.3486328125 0.8445751444133263)
(-0.34814453125 0.8440850925012063)
(-0.34765625 0.8435935984543145)
(-0.34716796875 0.8431006587276958)
(-0.3466796875 0.8426062697726339)
(-0.34619140625 0.842110428036687)
(-0.345703125 0.8416131299637257)
(-0.34521484375 0.8411143719939699)
(-0.3447265625 0.8406141505640262)
(-0.34423828125 0.8401124621069269)
(-0.34375 0.8396093030521682)
(-0.34326171875 0.8391046698257488)
(-0.3427734375 0.8385985588502101)
(-0.34228515625 0.8380909665446754)
(-0.341796875 0.8375818893248904)
(-0.34130859375 0.8370713236032639)
(-0.3408203125 0.8365592657889087)
(-0.34033203125 0.8360457122876834)
(-0.33984375 0.8355306595022343)
(-0.33935546875 0.8350141038320373)
(-0.3388671875 0.8344960416734416)
(-0.33837890625 0.8339764694197119)
(-0.337890625 0.8334553834610733)
(-0.33740234375 0.8329327801847544)
(-0.3369140625 0.8324086559750321)
(-0.33642578125 0.8318830072132773)
(-0.3359375 0.8313558302779999)
(-0.33544921875 0.8308271215448941)
(-0.3349609375 0.8302968773868862)
(-0.33447265625 0.8297650941741804)
(-0.333984375 0.8292317682743064)
(-0.33349609375 0.8286968960521673)
(-0.3330078125 0.8281604738700878)
(-0.33251953125 0.8276224980878629)
(-0.33203125 0.8270829650628071)
(-0.33154296875 0.8265418711498042)
(-0.3310546875 0.8259992127013571)
(-0.33056640625 0.8254549860676392)
(-0.330078125 0.8249091875965447)
(-0.32958984375 0.8243618136337407)
(-0.3291015625 0.8238128605227192)
(-0.32861328125 0.8232623246048495)
(-0.328125 0.8227102022194318)
(-0.32763671875 0.8221564897037505)
(-0.3271484375 0.8216011833931283)
(-0.32666015625 0.8210442796209807)
(-0.326171875 0.8204857747188716)
(-0.32568359375 0.8199256650165686)
(-0.3251953125 0.819363946842099)
(-0.32470703125 0.8188006165218069)
(-0.32421875 0.8182356703804102)
(-0.32373046875 0.8176691047410584)
(-0.3232421875 0.8171009159253905)
(-0.32275390625 0.8165311002535944)
(-0.322265625 0.815959654044466)
(-0.32177734375 0.8153865736154687)
(-0.3212890625 0.8148118552827943)
(-0.32080078125 0.8142354953614236)
(-0.3203125 0.8136574901651883)
(-0.31982421875 0.8130778360068326)
(-0.3193359375 0.8124965291980761)
(-0.31884765625 0.8119135660496769)
(-0.318359375 0.8113289428714952)
(-0.31787109375 0.8107426559725576)
(-0.3173828125 0.8101547016611224)
(-0.31689453125 0.8095650762447443)
(-0.31640625 0.8089737760303407)
(-0.31591796875 0.8083807973242588)
(-0.3154296875 0.8077861364323419)
(-0.31494140625 0.8071897896599973)
(-0.314453125 0.8065917533122653)
(-0.31396484375 0.8059920236938873)
(-0.3134765625 0.805390597109376)
(-0.31298828125 0.8047874698630846)
(-0.3125 0.8041826382592783)
(-0.31201171875 0.8035760986022055)
(-0.3115234375 0.8029678471961691)
(-0.31103515625 0.8023578803456)
(-0.310546875 0.8017461943551291)
(-0.31005859375 0.8011327855296619)
(-0.3095703125 0.8005176501744526)
(-0.30908203125 0.7999007845951789)
(-0.30859375 0.7992821850980178)
(-0.30810546875 0.7986618479897218)
(-0.3076171875 0.7980397695776958)
(-0.30712890625 0.7974159461700745)
(-0.306640625 0.7967903740758006)
(-0.30615234375 0.7961630496047034)
(-0.3056640625 0.7955339690675788)
(-0.30517578125 0.7949031287762688)
(-0.3046875 0.7942705250437424)
(-0.30419921875 0.7936361541841769)
(-0.3037109375 0.7930000125130403)
(-0.30322265625 0.7923620963471738)
(-0.302734375 0.7917224020048746)
(-0.30224609375 0.7910809258059813)
(-0.3017578125 0.7904376640719573)
(-0.30126953125 0.7897926131259766)
(-0.30078125 0.7891457692930103)
(-0.30029296875 0.7884971288999129)
(-0.2998046875 0.7878466882755099)
(-0.29931640625 0.7871944437506856)
(-0.298828125 0.7865403916584729)
(-0.29833984375 0.7858845283341414)
(-0.2978515625 0.7852268501152889)
(-0.29736328125 0.7845673533419316)
(-0.296875 0.7839060343565959)
(-0.29638671875 0.7832428895044109)
(-0.2958984375 0.7825779151332013)
(-0.29541015625 0.7819111075935812)
(-0.294921875 0.7812424632390484)
(-0.29443359375 0.7805719784260804)
(-0.2939453125 0.7798996495142292)
(-0.29345703125 0.7792254728662187)
(-0.29296875 0.7785494448480422)
(-0.29248046875 0.7778715618290604)
(-0.2919921875 0.7771918201820995)
(-0.29150390625 0.7765102162835527)
(-0.291015625 0.7758267465134784)
(-0.29052734375 0.775141407255703)
(-0.2900390625 0.7744541948979221)
(-0.289794921875 0.7741098832015995)
(-0.28955078125 0.7737651019117062)
(-0.289306640625 0.773419850577217)
(-0.2890625 0.7730741287473787)
(-0.288818359375 0.7727279359717137)
(-0.28857421875 0.7723812718000238)
(-0.288330078125 0.7720341357823917)
(-0.2880859375 0.7716865274691856)
(-0.287841796875 0.7713384464110618)
(-0.28759765625 0.7709898921589672)
(-0.287353515625 0.7706408642641438)
(-0.287109375 0.7702913622781307)
(-0.286865234375 0.7699413857527677)
(-0.28662109375 0.7695909342401989)
(-0.286376953125 0.7692400072928751)
(-0.2861328125 0.7688886044635579)
(-0.285888671875 0.7685367253053222)
(-0.28564453125 0.7681843693715603)
(-0.285400390625 0.767831536215984)
(-0.28515625 0.7674782253926293)
(-0.284912109375 0.7671244364558586)
(-0.28466796875 0.7667701689603647)
(-0.284423828125 0.7664154224611737)
(-0.2841796875 0.7660601965136487)
(-0.283935546875 0.7657044906734929)
(-0.28369140625 0.7653483044967534)
(-0.283447265625 0.764991637539824)
(-0.283203125 0.7646344893594492)
(-0.282958984375 0.7642768595127275)
(-0.28271484375 0.7639187475571143)
(-0.282470703125 0.7635601530504261)
(-0.2822265625 0.7632010755508439)
(-0.281982421875 0.7628415146169163)
(-0.28173828125 0.7624814698075629)
(-0.281494140625 0.7621209406820788)
(-0.28125 0.7617599268001369)
(-0.281005859375 0.7613984277217923)
(-0.28076171875 0.7610364430074857)
(-0.280517578125 0.7606739722180468)
(-0.2802734375 0.7603110149146978)
(-0.280029296875 0.7599475706590576)
(-0.27978515625 0.7595836390131447)
(-0.279541015625 0.7592192195393815)
(-0.279296875 0.7588543118005975)
(-0.279052734375 0.7584889153600332)
(-0.27880859375 0.7581230297813436)
(-0.278564453125 0.7577566546286023)
(-0.2783203125 0.7573897894663048)
(-0.278076171875 0.7570224338593724)
(-0.27783203125 0.7566545873731559)
(-0.277587890625 0.7562862495734397)
(-0.27734375 0.7559174200264449)
(-0.277099609375 0.7555480982988338)
(-0.27685546875 0.7551782839577134)
(-0.276611328125 0.7548079765706389)
(-0.2763671875 0.7544371757056185)
(-0.276123046875 0.754065880931116)
(-0.27587890625 0.7536940918160557)
(-0.275634765625 0.7533218079298257)
(-0.275390625 0.7529490288422822)
(-0.275146484375 0.752575754123753)
(-0.27490234375 0.7522019833450417)
(-0.274658203125 0.7518277160774317)
(-0.2744140625 0.7514529518926899)
(-0.274169921875 0.7510776903630708)
(-0.27392578125 0.7507019310613208)
(-0.273681640625 0.7503256735606815)
(-0.2734375 0.7499489174348944)
(-0.273193359375 0.7495716622582048)
(-0.27294921875 0.7491939076053653)
(-0.272705078125 0.7488156530516408)
(-0.2724609375 0.7484368981728114)
(-0.272216796875 0.7480576425451779)
(-0.27197265625 0.7476778857455648)
(-0.271728515625 0.7472976273513247)
(-0.271484375 0.7469168669403426)
(-0.271240234375 0.7465356040910403)
(-0.27099609375 0.7461538383823798)
(-0.270751953125 0.7457715693938681)
(-0.2705078125 0.7453887967055615)
(-0.270263671875 0.7450055198980691)
(-0.27001953125 0.7446217385525578)
(-0.269775390625 0.7442374522507561)
(-0.26953125 0.7438526605749587)
(-0.269287109375 0.7434673631080301)
(-0.26904296875 0.7430815594334098)
(-0.268798828125 0.742695249135116)
(-0.2685546875 0.74230843179775)
(-0.268310546875 0.7419211070065006)
(-0.26806640625 0.7415332743471486)
(-0.267822265625 0.7411449334060707)
(-0.267578125 0.7407560837702446)
(-0.267333984375 0.7403667250272528)
(-0.26708984375 0.7399768567652869)
(-0.266845703125 0.7395864785731531)
(-0.2666015625 0.7391955900402749)
(-0.266357421875 0.7388041907566992)
(-0.26611328125 0.7384122803130998)
(-0.265869140625 0.7380198583007823)
(-0.265625 0.7376269243116882)
(-0.265380859375 0.7372334779384001)
(-0.26513671875 0.7368395187741454)
(-0.264892578125 0.7364450464128016)
(-0.2646484375 0.7360500604489002)
(-0.264404296875 0.7356545604776317)
(-0.26416015625 0.7352585460948502)
(-0.263916015625 0.7348620168970779)
(-0.263671875 0.7344649724815093)
(-0.263427734375 0.7340674124460168)
(-0.26318359375 0.7336693363891544)
(-0.262939453125 0.733270743910163)
(-0.2626953125 0.7328716346089748)
(-0.262451171875 0.7324720080862176)
(-0.26220703125 0.7320718639432207)
(-0.261962890625 0.7316712017820183)
(-0.26171875 0.7312700212053551)
(-0.261474609375 0.7308683218166906)
(-0.26123046875 0.7304661032202042)
(-0.260986328125 0.7300633650207998)
(-0.2607421875 0.7296601068241106)
(-0.260498046875 0.729256328236504)
(-0.26025390625 0.7288520288650864)
(-0.260009765625 0.7284472083177078)
(-0.259765625 0.7280418662029675)
(-0.259521484375 0.7276360021302178)
(-0.25927734375 0.7272296157095698)
(-0.259033203125 0.726822706551898)
(-0.2587890625 0.7264152742688449)
(-0.258544921875 0.7260073184728267)
(-0.25830078125 0.7255988387770378)
(-0.258056640625 0.7251898347954555)
(-0.2578125 0.7247803061428454)
(-0.257568359375 0.7243702524347665)
(-0.25732421875 0.7239596732875757)
(-0.257080078125 0.7235485683184335)
(-0.2568359375 0.7231369371453084)
(-0.256591796875 0.7227247793869824)
(-0.25634765625 0.722312094663056)
(-0.256103515625 0.7218988825939533)
(-0.255859375 0.7214851428009268)
(-0.255615234375 0.7210708749060631)
(-0.25537109375 0.7206560785322875)
(-0.255126953125 0.7202407533033697)
(-0.2548828125 0.7198248988439281)
(-0.254638671875 0.7194085147794363)
(-0.25439453125 0.7189916007362271)
(-0.254150390625 0.7185741563414985)
(-0.25390625 0.718156181223318)
(-0.253662109375 0.7177376750106295)
(-0.25341796875 0.7173186373332567)
(-0.253173828125 0.7168990678219097)
(-0.2529296875 0.7164789661081896)
(-0.252685546875 0.7160583318245942)
(-0.25244140625 0.7156371646045233)
(-0.252197265625 0.7152154640822838)
(-0.251953125 0.7147932298930951)
(-0.251708984375 0.714370461673095)
(-0.25146484375 0.7139471590593442)
(-0.251220703125 0.7135233216898327)
(-0.2509765625 0.7130989492034843)
(-0.250732421875 0.7126740412401626)
(-0.25048828125 0.7122485974406766)
(-0.250244140625 0.7118226174467854)
(-0.25 0.7113961009012049)
(-0.249755859375 0.7109690474476119)
(-0.24951171875 0.7105414567306508)
(-0.249267578125 0.7101133283960073)
(-0.2490234375 0.7096846620902058)
(-0.248779296875 0.709255457460825)
(-0.24853515625 0.7088257141564335)
(-0.248291015625 0.7083954318265948)
(-0.248046875 0.7079646101218727)
(-0.247802734375 0.7075332486938376)
(-0.24755859375 0.7071013471950716)
(-0.247314453125 0.7066689052791744)
(-0.2470703125 0.706235922600769)
(-0.24658203125 0.7053683381005341)
(-0.246337890625 0.7049337309906817)
(-0.24609375 0.7044985817486371)
(-0.245849609375 0.7040628900341294)
(-0.24560546875 0.7036266555080865)
(-0.245361328125 0.7031898778324287)
(-0.2451171875 0.7027525566701461)
(-0.244873046875 0.7023146916853741)
(-0.24462890625 0.7018762825431878)
(-0.244140625 0.7009978350012723)
(-0.243896484375 0.7005577913061825)
(-0.24365234375 0.7001172021266837)
(-0.243408203125 0.6996760671333917)
(-0.2431640625 0.699234385998039)
(-0.242919921875 0.6987921583934814)
(-0.24267578125 0.6983493839937042)
(-0.242431640625 0.6979060624738271)
(-0.2421875 0.6974621935101118)
(-0.241943359375 0.6970177767799665)
(-0.24169921875 0.6965728119619526)
(-0.241455078125 0.6961272987357909)
(-0.2412109375 0.6956812367823674)
(-0.240966796875 0.6952346257837392)
(-0.24072265625 0.6947874654231408)
(-0.240478515625 0.6943397553849907)
(-0.240234375 0.6938914953548962)
(-0.239990234375 0.6934426850196612)
(-0.23974609375 0.692993324067291)
(-0.239501953125 0.6925434121869989)
(-0.2392578125 0.6920929490692129)
(-0.239013671875 0.6916419344055812)
(-0.23876953125 0.6911903678889787)
(-0.238525390625 0.6907382492135133)
(-0.23828125 0.6902855780745322)
(-0.238037109375 0.6898323541686276)
(-0.23779296875 0.6893785771936441)
(-0.237548828125 0.6889242468486839)
(-0.2373046875 0.6884693628341135)
(-0.237060546875 0.6880139248515705)
(-0.23681640625 0.6875579326039692)
(-0.236572265625 0.6871013857955074)
(-0.236328125 0.6866442841316729)
(-0.236083984375 0.6861866273192493)
(-0.23583984375 0.6857284150663232)
(-0.235595703125 0.6852696470822902)
(-0.2353515625 0.6848103230778612)
(-0.235107421875 0.6843504427650692)
(-0.23486328125 0.6838900058572757)
(-0.234619140625 0.6834290120691769)
(-0.234375 0.6829674611168111)
(-0.234130859375 0.6825053527175639)
(-0.23388671875 0.6820426865901756)
(-0.233642578125 0.6815794624547481)
(-0.2333984375 0.6811156800327505)
(-0.233154296875 0.6806513390470262)
(-0.23291015625 0.6801864392217999)
(-0.232666015625 0.6797209802826834)
(-0.232421875 0.679254961956683)
(-0.232177734375 0.6787883839722058)
(-0.23193359375 0.6783212460590663)
(-0.231689453125 0.6778535479484933)
(-0.2314453125 0.6773852893731366)
(-0.231201171875 0.6769164700670736)
(-0.23095703125 0.6764470897658161)
(-0.230712890625 0.6759771482063174)
(-0.23046875 0.675506645126978)
(-0.230224609375 0.6750355802676541)
(-0.22998046875 0.6745639533696626)
(-0.229736328125 0.6740917641757894)
(-0.2294921875 0.6736190124302954)
(-0.229248046875 0.6731456978789236)
(-0.22900390625 0.6726718202689059)
(-0.228759765625 0.6721973793489702)
(-0.228515625 0.6717223748693469)
(-0.228271484375 0.6712468065817765)
(-0.22802734375 0.6707706742395158)
(-0.227783203125 0.6702939775973453)
(-0.2275390625 0.6698167164115761)
(-0.227294921875 0.6693388904400569)
(-0.22705078125 0.6688604994421807)
(-0.226806640625 0.6683815431788923)
(-0.2265625 0.6679020214126951)
(-0.226318359375 0.6674219339076579)
(-0.22607421875 0.6669412804294228)
(-0.225830078125 0.6664600607452111)
(-0.2255859375 0.6659782746238315)
(-0.225341796875 0.6654959218356865)
(-0.22509765625 0.6650130021527798)
(-0.224853515625 0.6645295153487234)
(-0.224609375 0.6640454611987451)
(-0.224365234375 0.6635608394796948)
(-0.22412109375 0.6630756499700529)
(-0.223876953125 0.6625898924499364)
(-0.2236328125 0.6621035667011069)
(-0.223388671875 0.6616166725069774)
(-0.22314453125 0.66112920965262)
(-0.222900390625 0.6606411779247726)
(-0.22265625 0.6601525771118467)
(-0.222412109375 0.6596634070039342)
(-0.22216796875 0.6591736673928156)
(-0.221923828125 0.6586833580719662)
(-0.2216796875 0.6581924788365643)
(-0.221435546875 0.6577010294834984)
(-0.22119140625 0.6572090098113743)
(-0.220947265625 0.6567164196205229)
(-0.220703125 0.6562232587130071)
(-0.220458984375 0.6557295268926299)
(-0.22021484375 0.6552352239649414)
(-0.219970703125 0.6547403497372462)
(-0.2197265625 0.6542449040186114)
(-0.219482421875 0.6537488866198734)
(-0.21923828125 0.653252297353646)
(-0.218994140625 0.6527551360343278)
(-0.21875 0.6522574024781091)
(-0.218505859375 0.6517590965029809)
(-0.21826171875 0.6512602179287408)
(-0.218017578125 0.6507607665770015)
(-0.2177734375 0.6502607422711989)
(-0.217529296875 0.6497601448365983)
(-0.21728515625 0.6492589741003032)
(-0.217041015625 0.6487572298912627)
(-0.216796875 0.6482549120402791)
(-0.216552734375 0.6477520203800151)
(-0.21630859375 0.6472485547450025)
(-0.216064453125 0.646744514971649)
(-0.2158203125 0.6462399008982466)
(-0.215576171875 0.6457347123649786)
(-0.21533203125 0.6452289492139283)
(-0.215087890625 0.6447226112890858)
(-0.21484375 0.6442156984363566)
(-0.214599609375 0.6437082105035691)
(-0.21435546875 0.6432001473404821)
(-0.214111328125 0.6426915087987931)
(-0.2138671875 0.642182294732146)
(-0.213623046875 0.6416725049961389)
(-0.21337890625 0.6411621394483319)
(-0.213134765625 0.6406511979482554)
(-0.212890625 0.6401396803574174)
(-0.212646484375 0.639627586539312)
(-0.21240234375 0.6391149163594269)
(-0.212158203125 0.6386016696852517)
(-0.2119140625 0.6380878463862856)
(-0.211669921875 0.6375734463340454)
(-0.21142578125 0.637058469402074)
(-0.211181640625 0.6365429154659475)
(-0.2109375 0.6360267844032841)
(-0.210693359375 0.6355100760937514)
(-0.21044921875 0.6349927904190751)
(-0.210205078125 0.6344749272630469)
(-0.2099609375 0.633956486511532)
(-0.209716796875 0.6334374680524782)
(-0.20947265625 0.6329178717759233)
(-0.209228515625 0.6323976975740031)
(-0.208984375 0.6318769453409604)
(-0.208740234375 0.6313556149731523)
(-0.20849609375 0.6308337063690586)
(-0.208251953125 0.6303112194292902)
(-0.2080078125 0.6297881540565973)
(-0.207763671875 0.629264510155877)
(-0.20751953125 0.6287402876341825)
(-0.207275390625 0.6282154864007307)
(-0.20703125 0.6276901063669102)
(-0.206787109375 0.6271641474462906)
(-0.20654296875 0.6266376095546295)
(-0.206298828125 0.6261104926098818)
(-0.2060546875 0.6255827965322076)
(-0.205810546875 0.6250545212439804)
(-0.20556640625 0.6245256666697957)
(-0.205322265625 0.623996232736479)
(-0.205078125 0.6234662193730948)
(-0.204833984375 0.6229356265109541)
(-0.20458984375 0.6224044540836235)
(-0.204345703125 0.6218727020269336)
(-0.2041015625 0.6213403702789864)
(-0.203857421875 0.6208074587801653)
(-0.20361328125 0.6202739674731421)
(-0.203369140625 0.6197398963028866)
(-0.203125 0.6192052452166742)
(-0.202880859375 0.6186700141640946)
(-0.20263671875 0.6181342030970609)
(-0.202392578125 0.617597811969817)
(-0.2021484375 0.6170608407389473)
(-0.201904296875 0.6165232893633842)
(-0.20166015625 0.6159851578044172)
(-0.201416015625 0.6154464460257016)
(-0.201171875 0.6149071539932666)
(-0.200927734375 0.6143672816755238)
(-0.20068359375 0.6138268290432767)
(-0.200439453125 0.6132857960697282)
(-0.2001953125 0.6127441827304899)
(-0.199951171875 0.6122019890035904)
(-0.19970703125 0.6116592148694839)
(-0.199462890625 0.6111158603110595)
(-0.19921875 0.6105719253136489)
(-0.198974609375 0.6100274098650357)
(-0.19873046875 0.6094823139554639)
(-0.198486328125 0.6089366375776467)
(-0.1982421875 0.608390380726775)
(-0.197998046875 0.607843543400526)
(-0.19775390625 0.607296125599073)
(-0.197509765625 0.6067481273250922)
(-0.197265625 0.6061995485837736)
(-0.197021484375 0.6056503893828278)
(-0.19677734375 0.6051006497324964)
(-0.196533203125 0.6045503296455599)
(-0.1962890625 0.6039994291373465)
(-0.196044921875 0.6034479482257412)
(-0.19580078125 0.6028958869311947)
(-0.195556640625 0.6023432452767316)
(-0.1953125 0.60179002328796)
(-0.195068359375 0.60123622099308)
(-0.19482421875 0.6006818384228927)
(-0.194580078125 0.6001268756108086)
(-0.1943359375 0.599571332592857)
(-0.194091796875 0.5990152094076949)
(-0.19384765625 0.5984585060966157)
(-0.193603515625 0.5979012227035576)
(-0.193359375 0.5973433592751138)
(-0.193115234375 0.5967849158605404)
(-0.19287109375 0.5962258925117654)
(-0.192626953125 0.5956662892833983)
(-0.1923828125 0.5951061062327381)
(-0.192138671875 0.5945453434197833)
(-0.19189453125 0.59398400090724)
(-0.191650390625 0.5934220787605317)
(-0.19140625 0.5928595770478073)
(-0.191162109375 0.5922964958399513)
(-0.19091796875 0.5917328352105915)
(-0.190673828125 0.5911685952361092)
(-0.1904296875 0.5906037759956475)
(-0.190185546875 0.5900383775711207)
(-0.18994140625 0.5894724000472229)
(-0.189697265625 0.5889058435114379)
(-0.189453125 0.5883387080540473)
(-0.189208984375 0.5877709937681401)
(-0.18896484375 0.5872027007496218)
(-0.188720703125 0.5866338290972233)
(-0.1884765625 0.5860643789125101)
(-0.188232421875 0.5854943502998912)
(-0.18798828125 0.5849237433666286)
(-0.187744140625 0.5843525582228462)
(-0.1875 0.5837807949815388)
(-0.187255859375 0.5832084537585813)
(-0.18701171875 0.5826355346727383)
(-0.186767578125 0.5820620378456725)
(-0.1865234375 0.5814879634019541)
(-0.186279296875 0.5809133114690703)
(-0.18603515625 0.5803380821774342)
(-0.185791015625 0.5797622756603942)
(-0.185546875 0.5791858920542424)
(-0.185302734375 0.578608931498225)
(-0.18505859375 0.5780313941345505)
(-0.184814453125 0.5774532801083996)
(-0.1845703125 0.5768745895679336)
(-0.184326171875 0.5762953226643044)
(-0.18408203125 0.5757154795516635)
(-0.183837890625 0.5751350603871709)
(-0.18359375 0.5745540653310046)
(-0.183349609375 0.5739724945463698)
(-0.18310546875 0.5733903481995083)
(-0.182861328125 0.5728076264597072)
(-0.1826171875 0.5722243294993089)
(-0.182373046875 0.5716404574937196)
(-0.18212890625 0.5710560106214194)
(-0.181884765625 0.5704709890639706)
(-0.181640625 0.5698853930060279)
(-0.181396484375 0.5692992226353467)
(-0.18115234375 0.5687124781427936)
(-0.180908203125 0.5681251597223542)
(-0.1806640625 0.5675372675711439)
(-0.180419921875 0.5669488018894159)
(-0.18017578125 0.5663597628805713)
(-0.179931640625 0.5657701507511683)
(-0.1796875 0.565179965710931)
(-0.179443359375 0.564589207972759)
(-0.17919921875 0.5639978777527372)
(-0.178955078125 0.5634059752701442)
(-0.1787109375 0.5628135007474624)
(-0.178466796875 0.5622204544103865)
(-0.17822265625 0.5616268364878337)
(-0.177978515625 0.5610326472119526)
(-0.177734375 0.5604378868181321)
(-0.177490234375 0.5598425555450116)
(-0.17724609375 0.5592466536344896)
(-0.177001953125 0.5586501813317333)
(-0.1767578125 0.5580531388851879)
(-0.176513671875 0.557455526546586)
(-0.17626953125 0.5568573445709569)
(-0.176025390625 0.5562585932166358)
(-0.17578125 0.5556592727452732)
(-0.175537109375 0.5550593834218441)
(-0.17529296875 0.5544589255146578)
(-0.175048828125 0.5538578992953668)
(-0.1748046875 0.553256305038976)
(-0.174560546875 0.5526541430238526)
(-0.17431640625 0.5520514135317348)
(-0.174072265625 0.5514481168477418)
(-0.173828125 0.5508442532603821)
(-0.173583984375 0.5502398230615643)
(-0.17333984375 0.5496348265466051)
(-0.173095703125 0.5490292640142392)
(-0.1728515625 0.5484231357666287)
(-0.172607421875 0.5478164421093721)
(-0.17236328125 0.5472091833515141)
(-0.172119140625 0.5466013598055544)
(-0.171875 0.5459929717874572)
(-0.171630859375 0.5453840196166609)
(-0.17138671875 0.5447745036160868)
(-0.171142578125 0.5441644241121488)
(-0.1708984375 0.5435537814347625)
(-0.170654296875 0.5429425759173548)
(-0.17041015625 0.5423308078968729)
(-0.170166015625 0.5417184777137939)
(-0.169921875 0.5411055857121335)
(-0.169677734375 0.5404921322394562)
(-0.16943359375 0.5398781176468838)
(-0.169189453125 0.5392635422891051)
(-0.1689453125 0.5386484065243851)
(-0.168701171875 0.5380327107145741)
(-0.16845703125 0.5374164552251174)
(-0.168212890625 0.5367996404250639)
(-0.16796875 0.5361822666870761)
(-0.167724609375 0.5355643343874389)
(-0.16748046875 0.5349458439060689)
(-0.167236328125 0.5343267956265237)
(-0.1669921875 0.5337071899360114)
(-0.166748046875 0.5330870272253992)
(-0.16650390625 0.5324663078892233)
(-0.166259765625 0.5318450323256979)
(-0.166015625 0.5312232009367241)
(-0.165771484375 0.5306008141278286)
(-0.16552734375 0.5299778723083876)
(-0.165283203125 0.5293543758914192)
(-0.1650390625 0.5287303252936651)
(-0.164794921875 0.5281057209356006)
(-0.16455078125 0.5274805632414424)
(-0.164306640625 0.5268548526391599)
(-0.1640625 0.5262285895604819)
(-0.163818359375 0.5256017744409079)
(-0.16357421875 0.5249744077197158)
(-0.163330078125 0.5243464898399718)
(-0.1630859375 0.5237180212485391)
(-0.162841796875 0.5230890023960872)
(-0.16259765625 0.5224594337371011)
(-0.162353515625 0.5218293157298903)
(-0.162109375 0.5211986488365975)
(-0.161865234375 0.5205674335232086)
(-0.16162109375 0.5199356702595603)
(-0.161376953125 0.5193033595193511)
(-0.1611328125 0.5186705017801484)
(-0.160888671875 0.518037097523399)
(-0.16064453125 0.5174031472344369)
(-0.160400390625 0.5167686514024937)
(-0.16015625 0.5161336105207059)
(-0.159912109375 0.5154980250861257)
(-0.15966796875 0.5148618955997284)
(-0.159423828125 0.5142252225664222)
(-0.1591796875 0.513588006495057)
(-0.158935546875 0.5129502478984332)
(-0.15869140625 0.5123119472933109)
(-0.158447265625 0.5116731052004182)
(-0.158203125 0.511033722144461)
(-0.157958984375 0.5103937986541308)
(-0.15771484375 0.5097533352621145)
(-0.157470703125 0.5091123325051029)
(-0.1572265625 0.508470790923799)
(-0.156982421875 0.5078287110629279)
(-0.15673828125 0.5071860934712445)
(-0.156494140625 0.5065429387015432)
(-0.15625 0.5058992473106659)
(-0.156005859375 0.5052550198595114)
(-0.15576171875 0.5046102569130434)
(-0.155517578125 0.5039649590403001)
(-0.1552734375 0.503319126814402)
(-0.155029296875 0.5026727608125617)
(-0.15478515625 0.502025861616091)
(-0.154541015625 0.5013784298104111)
(-0.154296875 0.5007304659850603)
(-0.154052734375 0.500081970733703)
(-0.15380859375 0.49943294465413784)
(-0.153564453125 0.4987833883483071)
(-0.1533203125 0.49813330242230425)
(-0.153076171875 0.49748268748638336)
(-0.15283203125 0.4968315441549669)
(-0.152587890625 0.49617987304665495)
(-0.15234375 0.49552767478423276)
(-0.152099609375 0.4948749499946804)
(-0.15185546875 0.4942216993091798)
(-0.151611328125 0.4935679233631245)
(-0.1513671875 0.49291362279612694)
(-0.151123046875 0.4922587982520277)
(-0.15087890625 0.491603450378903)
(-0.150634765625 0.490947579829074)
(-0.150390625 0.49029118725911397)
(-0.150146484375 0.4896342733298577)
(-0.14990234375 0.4889768387064088)
(-0.149658203125 0.48831888405814866)
(-0.1494140625 0.487660410058744)
(-0.149169921875 0.4870014173861558)
(-0.14892578125 0.4863419067226466)
(-0.148681640625 0.4856818787547894)
(-0.1484375 0.4850213341734752)
(-0.148193359375 0.4843602736739216)
(-0.14794921875 0.48369869795568016)
(-0.147705078125 0.4830366077226453)
(-0.1474609375 0.4823740036830613)
(-0.147216796875 0.48171088654953154)
(-0.14697265625 0.4810472570390249)
(-0.146728515625 0.4803831158728852)
(-0.146484375 0.4797184637768378)
(-0.146240234375 0.4790533014809987)
(-0.14599609375 0.478387629719881)
(-0.145751953125 0.4777214492324042)
(-0.1455078125 0.47705476076190056)
(-0.145263671875 0.47638756505612406)
(-0.14501953125 0.47571986286725704)
(-0.144775390625 0.475051654951919)
(-0.14453125 0.474382942071173)
(-0.144287109375 0.47371372499053466)
(-0.14404296875 0.4730440044799785)
(-0.143798828125 0.4723737813139466)
(-0.1435546875 0.471703056271355)
(-0.143310546875 0.47103183013560246)
(-0.14306640625 0.47036010369457665)
(-0.142822265625 0.46968787774066284)
(-0.142578125 0.46901515307075003)
(-0.142333984375 0.4683419304862397)
(-0.14208984375 0.46766821079305165)
(-0.141845703125 0.46699399480163284)
(-0.1416015625 0.4663192833269632)
(-0.141357421875 0.4656440771885642)
(-0.14111328125 0.4649683772105049)
(-0.140869140625 0.46429218422140994)
(-0.140625 0.46361549905446614)
(-0.140380859375 0.4629383225474301)
(-0.14013671875 0.46226065554263457)
(-0.139892578125 0.4615824988869964)
(-0.1396484375 0.4609038534320222)
(-0.139404296875 0.4602247200338171)
(-0.13916015625 0.4595450995530896)
(-0.138916015625 0.45886499285516025)
(-0.138671875 0.45818440080996714)
(-0.138427734375 0.4575033242920738)
(-0.13818359375 0.45682176418067477)
(-0.137939453125 0.4561397213596036)
(-0.1376953125 0.4554571967173382)
(-0.137451171875 0.45477419114700873)
(-0.13720703125 0.45409070554640313)
(-0.136962890625 0.45340674081797455)
(-0.13671875 0.452722297868847)
(-0.136474609375 0.45203737761082274)
(-0.13623046875 0.4513519809603877)
(-0.135986328125 0.4506661088387189)
(-0.1357421875 0.4499797621716897)
(-0.135498046875 0.44929294188987745)
(-0.13525390625 0.448605648928568)
(-0.135009765625 0.44791788422776374)
(-0.134765625 0.44722964873218823)
(-0.13427734375 0.44585177307675455)
(-0.1337890625 0.44447202554564247)
(-0.13330078125 0.4430904138723499)
(-0.1328125 0.44170694586632087)
(-0.13232421875 0.44032162941313807)
(-0.1318359375 0.4389344724747116)
(-0.13134765625 0.437545483089465)
(-0.130859375 0.4361546693725172)
(-0.13037109375 0.43476203951586156)
(-0.1298828125 0.4333676017885414)
(-0.12939453125 0.4319713645368214)
(-0.12890625 0.4305733361843565)
(-0.12841796875 0.42917352523235625)
(-0.1279296875 0.4277719402597457)
(-0.12744140625 0.4263685899233231)
(-0.126953125 0.42496348295791325)
(-0.12646484375 0.42355662817651724)
(-0.1259765625 0.4221480344704584)
(-0.12548828125 0.4207377108095243)
(-0.125 0.4193256662421049)
(-0.12451171875 0.41791190989532645)
(-0.1240234375 0.41649645097518156)
(-0.12353515625 0.41507929876665517)
(-0.123046875 0.41366046263384626)
(-0.12255859375 0.4122399520200852)
(-0.1220703125 0.4108177764480473)
(-0.12158203125 0.40939394551986175)
(-0.12109375 0.407968468917216)
(-0.12060546875 0.4065413564014563)
(-0.1201171875 0.405112617813683)
(-0.11962890625 0.4036822630748423)
(-0.119140625 0.40225030218581215)
(-0.11865234375 0.400816745227485)
(-0.1181640625 0.3993816023608446)
(-0.11767578125 0.39794488382703874)
(-0.1171875 0.39650659994744697)
(-0.11669921875 0.3950667611237436)
(-0.1162109375 0.3936253778379556)
(-0.11572265625 0.3921824606525157)
(-0.115234375 0.3907380202103104)
(-0.11474609375 0.389292067234723)
(-0.1142578125 0.38784461252967123)
(-0.11376953125 0.38639566697964)
(-0.11328125 0.384945241549709)
(-0.11279296875 0.3834933472855742)
(-0.1123046875 0.3820399953135653)
(-0.11181640625 0.38058519684065634)
(-0.111328125 0.3791289631544721)
(-0.11083984375 0.377671305623288)
(-0.1103515625 0.376212235696025)
(-0.10986328125 0.3747517649022387)
(-0.109375 0.37328990485210256)
(-0.10888671875 0.3718266672363855)
(-0.1083984375 0.37036206382642395)
(-0.10791015625 0.36889610647408727)
(-0.107421875 0.3674288071117381)
(-0.10693359375 0.36596017775218603)
(-0.1064453125 0.3644902304886359)
(-0.10595703125 0.3630189774946292)
(-0.10546875 0.36154643102398)
(-0.10498046875 0.36007260341070413)
(-0.1044921875 0.35859750706894256)
(-0.10400390625 0.357121154492878)
(-0.103515625 0.35564355825664545)
(-0.10302734375 0.35416473101423585)
(-0.1025390625 0.3526846854993939)
(-0.10205078125 0.3512034345255086)
(-0.1015625 0.34972099098549764)
(-0.10107421875 0.3482373678516849)
(-0.1005859375 0.3467525781756712)
(-0.10009765625 0.3452666350881985)
(-0.099609375 0.34377955179900677)
(-0.09912109375 0.34229134159668456)
(-0.0986328125 0.340802017848512)
(-0.09814453125 0.3393115940002973)
(-0.09765625 0.33782008357620574)
(-0.09716796875 0.3363275001783156)
(-0.0966796875 0.33483385748724986)
(-0.09619140625 0.3333391692611551)
(-0.095703125 0.33184344933576554)
(-0.09521484375 0.33034671162422524)
(-0.0947265625 0.3288489701168443)
(-0.09423828125 0.32735023888090653)
(-0.09375 0.3258505320604107)
(-0.09326171875 0.32434986387610104)
(-0.0927734375 0.3228482486244629)
(-0.09228515625 0.32134570067824036)
(-0.091796875 0.31984223448591376)
(-0.09130859375 0.31833786457143187)
(-0.0908203125 0.31683260553393666)
(-0.09033203125 0.31532647204747993)
(-0.08984375 0.3138194788607322)
(-0.08935546875 0.3123116407964748)
(-0.0888671875 0.310802972751933)
(-0.08837890625 0.30929348969781356)
(-0.087890625 0.30778320667818154)
(-0.08740234375 0.30627213881016035)
(-0.0869140625 0.304760301283561)
(-0.08642578125 0.30324770936056555)
(-0.0859375 0.3017343783753397)
(-0.08544921875 0.30022032373369983)
(-0.0849609375 0.298705560912709)
(-0.08447265625 0.2971901054603275)
(-0.083984375 0.2956739729949912)
(-0.0830078125 0.29263975046400964)
(-0.08203125 0.28960300782491094)
(-0.0810546875 0.2865638725977826)
(-0.080078125 0.28352247338518705)
(-0.0791015625 0.2804789398579844)
(-0.078125 0.27743340274057277)
(-0.0771484375 0.2743859937955447)
(-0.076171875 0.2713368458077573)
(-0.0751953125 0.2682860925670971)
(-0.07421875 0.2652338688536209)
(-0.0732421875 0.26218031041763806)
(-0.072265625 0.2591255539618313)
(-0.0703125 0.25301302781341667)
(-0.0693359375 0.2499555048333377)
(-0.068359375 0.24689733991103782)
(-0.0673828125 0.2438386742092967)
(-0.06640625 0.24077964972193863)
(-0.0654296875 0.2377204092513681)
(-0.064453125 0.23466109638552113)
(-0.0634765625 0.23160185547423465)
(-0.0625 0.2285428316050366)
(-0.0615234375 0.2254841705783602)
(-0.060546875 0.22242601888218577)
(-0.0595703125 0.2193685236661149)
(-0.05859375 0.2163118327148814)
(-0.0576171875 0.21325609442130514)
(-0.056640625 0.21020145775869392)
(-0.0556640625 0.2071480722527015)
(-0.0546875 0.20409608795264783)
(-0.0537109375 0.20104565540231073)
(-0.052734375 0.19799692561019724)
(-0.0517578125 0.19495005001930454)
(-0.05126953125 0.19342735925980148)
(-0.05078125 0.19190518904210752)
(-0.05029296875 0.19038355840458895)
(-0.0498046875 0.1888624864069222)
(-0.04931640625 0.1873419921290915)
(-0.048828125 0.18582209467037986)
(-0.04833984375 0.18430281314835273)
(-0.0478515625 0.18278416669783482)
(-0.04736328125 0.18126617446988016)
(-0.046875 0.1797488556307355)
(-0.04638671875 0.17823222936079716)
(-0.0458984375 0.17671631485356146)
(-0.04541015625 0.1752011313145688)
(-0.044921875 0.17368669796034183)
(-0.04443359375 0.17217303401731734)
(-0.0439453125 0.17066015872077256)
(-0.04345703125 0.16914809131374559)
(-0.04296875 0.1676368510459504)
(-0.04248046875 0.16612645717268645)
(-0.0419921875 0.16461692895374302)
(-0.04150390625 0.1631082856522987)
(-0.041015625 0.16160054653381584)
(-0.04052734375 0.16009373086493045)
(-0.0400390625 0.15858785791233757)
(-0.03955078125 0.15708294694167244)
(-0.0390625 0.1555790172163876)
(-0.03857421875 0.15407608799662595)
(-0.0380859375 0.1525741785380904)
(-0.03759765625 0.15107330809091007)
(-0.037109375 0.14957349589850297)
(-0.03662109375 0.14807476119643628)
(-0.0361328125 0.14657712321128338)
(-0.03564453125 0.14508060115947882)
(-0.03515625 0.14358521424617077)
(-0.03466796875 0.14209098166407177)
(-0.0341796875 0.14059792259230777)
(-0.03369140625 0.13910605619526567)
(-0.033203125 0.13761540162143987)
(-0.03271484375 0.1361259780022781)
(-0.0322265625 0.13463780445102677)
(-0.03173828125 0.13315090006157604)
(-0.03125 0.13166528390730514)
(-0.03076171875 0.1301809750399284)
(-0.0302734375 0.12869799248834202)
(-0.02978515625 0.12721635525747196)
(-0.029296875 0.12573608232712383)
(-0.02880859375 0.12425719265083437)
(-0.0283203125 0.12277970515472587)
(-0.02783203125 0.12130363873636289)
(-0.02734375 0.11982901226361276)
(-0.02685546875 0.11835584457350942)
(-0.0263671875 0.11688415447112176)
(-0.02587890625 0.11541396072842641)
(-0.025390625 0.11394528208318586)
(-0.02490234375 0.11247813723783211)
(-0.0244140625 0.11101254485835664)
(-0.02392578125 0.10954852357320713)
(-0.0234375 0.10808609197219146)
(-0.02294921875 0.10662526860538961)
(-0.0224609375 0.1051660719820742)
(-0.02197265625 0.10370852056964007)
(-0.021484375 0.10225263279254372)
(-0.02099609375 0.10079842703125327)
(-0.0205078125 0.09934592162120955)
(-0.02001953125 0.09789513485179922)
(-0.01953125 0.0964460849653405)
(-0.01904296875 0.09499879015608241)
(-0.0185546875 0.09355326856921833)
(-0.01806640625 0.09210953829991461)
(-0.017578125 0.09066761739235538)
(-0.01708984375 0.08922752383880413)
(-0.0166015625 0.08778927557868328)
(-0.01611328125 0.08635289049767268)
(-0.015869140625 0.0856354042112905)
(-0.015625 0.08491839037931224)
(-0.015380859375 0.08420185122228506)
(-0.01513671875 0.08348578895722843)
(-0.014892578125 0.082770205797611)
(-0.0146484375 0.082055103953323)
(-0.014404296875 0.08134048563065373)
(-0.01416015625 0.08062635303226483)
(-0.013916015625 0.07991270835716854)
(-0.013671875 0.07919955380070179)
(-0.013427734375 0.07848689155450526)
(-0.01318359375 0.07777472380649832)
(-0.012939453125 0.07706305274085896)
(-0.0126953125 0.0763518805379997)
(-0.012451171875 0.07564120937454838)
(-0.01220703125 0.07493104142332493)
(-0.011962890625 0.07422137885332329)
(-0.01171875 0.07351222382968906)
(-0.011474609375 0.07280357851370238)
(-0.01123046875 0.07209544506275674)
(-0.010986328125 0.0713878256303429)
(-0.0107421875 0.0706807223660287)
(-0.010498046875 0.0699741374154441)
(-0.01025390625 0.06926807292026227)
(-0.010009765625 0.06856253101818563)
(-0.009765625 0.06785751384292818)
(-0.009521484375 0.06715302352420283)
(-0.00927734375 0.06644906218770491)
(-0.009033203125 0.06574563195510082)
(-0.0087890625 0.06504273494401278)
(-0.008544921875 0.0643403732680089)
(-0.00830078125 0.06363854903658933)
(-0.008056640625 0.06293726435517762)
(-0.0078125 0.06223652132510838)
(-0.007568359375 0.06153632204362013)
(-0.00732421875 0.06083666860384443)
(-0.007080078125 0.060137563094800256)
(-0.0068359375 0.05943900760138477)
(-0.006591796875 0.05874100420429847)
(-0.00634765625 0.058043554980252404)
(-0.006103515625 0.05734666200174803)
(-0.005859375 0.05665032733714627)
(-0.005615234375 0.055954553050664706)
(-0.00537109375 0.05525934120237575)
(-0.005126953125 0.05456469384820573)
(-0.0048828125 0.053870613039934914)
(-0.004638671875 0.05317710082519853)
(-0.00439453125 0.052484159247488824)
(-0.004150390625 0.05179179034615806)
(-0.00390625 0.05109999615642265)
(-0.003662109375 0.05040877870936832)
(-0.00341796875 0.04971814003195638)
(-0.003173828125 0.049028082147031124)
(-0.0029296875 0.04833860707332834)
(-0.00244140625 0.04696140850499962)
(-0.002197265625 0.04627369401590107)
(-0.001953125 0.04558657037088586)
(-0.00146484375 0.044214098626707714)
(-0.001220703125 0.04352875956875054)
(-0.0009765625 0.042844019323067674)
(-0.00048828125 0.04147633815191651)
(-0.000244140625 0.04079340630336428)
(-0.0001220703125 0.040452168096262744)
(0.0 0.0401110818123265)
(6.103515625e-05 0.039940938370706176)
(0.0001220703125 0.039771516644518105)
(0.000152587890625 0.03968707556278493)
(0.00018310546875 0.03960281376250486)
(0.000244140625 0.03943482629523053)
(0.000274658203125 0.03935110005909227)
(0.00030517578125 0.03926755158667955)
(0.000335693359375 0.03918418050057251)
(0.0003662109375 0.039100986424152655)
(0.000396728515625 0.03901796898160107)
(0.00042724609375 0.038935127797896804)
(0.000457763671875 0.03885246249881509)
(0.00048828125 0.038769972710925735)
(0.000518798828125 0.03868765806159138)
(0.00054931640625 0.03860551817896583)
(0.000579833984375 0.03852355269199237)
(0.0006103515625 0.03844176123040212)
(0.000640869140625 0.03836014342471232)
(0.00067138671875 0.038278698906224685)
(0.000701904296875 0.038197427307023725)
(0.000732421875 0.0381163282599751)
(0.000762939453125 0.03803540139872395)
(0.00079345703125 0.03795464635769325)
(0.000823974609375 0.037874062772082134)
(0.0008544921875 0.037793650277864285)
(0.000885009765625 0.037713408511786256)
(0.00091552734375 0.03763333711136584)
(0.000946044921875 0.03755343571489046)
(0.0009765625 0.037473703961415486)
(0.001007080078125 0.03739414149076263)
(0.00103759765625 0.037314747943518335)
(0.001068115234375 0.037235522961032115)
(0.0010986328125 0.03715646618541498)
(0.001129150390625 0.03707757725953776)
(0.00115966796875 0.03699885582702956)
(0.001190185546875 0.03692030153227608)
(0.001220703125 0.03684191402041807)
(0.001251220703125 0.036763692937349705)
(0.00128173828125 0.036685637929716956)
(0.0013427734375 0.03653002455571854)
(0.00140380859375 0.03637507126342764)
(0.00146484375 0.036220775252905846)
(0.00152587890625 0.03606713373609155)
(0.0015869140625 0.035914143936749576)
(0.00164794921875 0.03576180309042098)
(0.001708984375 0.035610108444373116)
(0.00177001953125 0.035459057257549914)
(0.0018310546875 0.035308646800522314)
(0.00189208984375 0.03515887435543897)
(0.001953125 0.03500973721597713)
(0.00201416015625 0.03486123268729375)
(0.0020751953125 0.03471335808597676)
(0.00213623046875 0.03456611073999664)
(0.002197265625 0.03441948798865806)
(0.00225830078125 0.034273487182551875)
(0.0023193359375 0.0341281056835072)
(0.00238037109375 0.03398334086454378)
(0.00244140625 0.03383919010982447)
(0.00250244140625 0.033695650814608014)
(0.0025634765625 0.03355272038520197)
(0.00262451171875 0.03341039623891582)
(0.002685546875 0.03326867580401433)
(0.00274658203125 0.033127556519671066)
(0.0028076171875 0.032987035835922114)
(0.00286865234375 0.03284711121362001)
(0.0029296875 0.03270778012438788)
(0.00299072265625 0.03256904005057371)
(0.0030517578125 0.032430888485204895)
(0.00311279296875 0.03229332293194291)
(0.003173828125 0.032156340905038217)
(0.00323486328125 0.03201993992928534)
(0.0032958984375 0.031884117539978156)
(0.00335693359375 0.031748871282865326)
(0.00341796875 0.031614198714106)
(0.00347900390625 0.03148009740022559)
(0.0035400390625 0.031346564918071855)
(0.00360107421875 0.031213598854771103)
(0.003662109375 0.031081196807684563)
(0.00372314453125 0.030949356384365006)
(0.0037841796875 0.03081807520251349)
(0.00384521484375 0.030687350889936325)
(0.00390625 0.030557181084502213)
(0.00396728515625 0.030427563434099553)
(0.0040283203125 0.03029849559659394)
(0.00408935546875 0.030169975239785853)
(0.004150390625 0.03004200004136851)
(0.00421142578125 0.0299145676888859)
(0.0042724609375 0.029787675879691004)
(0.00433349609375 0.02966132232090418)
(0.00439453125 0.02953550472937174)
(0.00445556640625 0.029410220831624694)
(0.0045166015625 0.029285468363837656)
(0.00457763671875 0.029161245071787956)
(0.004638671875 0.029037548710814896)
(0.00469970703125 0.028914377045779188)
(0.0047607421875 0.028791727851022582)
(0.00482177734375 0.028669598910327623)
(0.0048828125 0.028547988016877638)
(0.00494384765625 0.028426892973216825)
(0.0050048828125 0.02830631159121057)
(0.00506591796875 0.028186241692005908)
(0.005126953125 0.028066681105992128)
(0.00518798828125 0.027947627672761603)
(0.0052490234375 0.027829079241070726)
(0.00531005859375 0.02771103366880105)
(0.00537109375 0.027593488822920575)
(0.00543212890625 0.02747644257944522)
(0.0054931640625 0.027359892823400418)
(0.00555419921875 0.027243837448782924)
(0.005615234375 0.02712827435852274)
(0.00567626953125 0.027013201464445243)
(0.0057373046875 0.026898616687233427)
(0.00579833984375 0.02678451795639036)
(0.005859375 0.026670903210201744)
(0.00592041015625 0.02655777039569868)
(0.0059814453125 0.02644511746862056)
(0.00604248046875 0.026332942393378134)
(0.006103515625 0.026221243143016725)
(0.00616455078125 0.02611001769917961)
(0.0062255859375 0.025999264052071536)
(0.00628662109375 0.02588898020042241)
(0.00634765625 0.025779164151451147)
(0.00640869140625 0.02566981392082965)
(0.0064697265625 0.02556092753264694)
(0.00653076171875 0.025452503019373497)
(0.006591796875 0.025344538421825658)
(0.00665283203125 0.02523703178913024)
(0.0067138671875 0.02512998117868929)
(0.00677490234375 0.025023384656144978)
(0.0068359375 0.02491724029534464)
(0.00689697265625 0.024811546178305985)
(0.0069580078125 0.024706300395182415)
(0.00701904296875 0.02460150104422855)
(0.007080078125 0.02449714623176583)
(0.00714111328125 0.02439323407214832)
(0.0072021484375 0.02428976268772862)
(0.00726318359375 0.024186730208823958)
(0.00732421875 0.024084134773682382)
(0.00738525390625 0.023981974528449135)
(0.0074462890625 0.02388024762713315)
(0.00750732421875 0.023778952231573704)
(0.007568359375 0.023678086511407178)
(0.00762939453125 0.023577648644034017)
(0.0076904296875 0.02347763681458577)
(0.00775146484375 0.023378049215892302)
(0.0078125 0.023278884048449158)
(0.00787353515625 0.023180139520385012)
(0.0079345703125 0.023081813847429324)
(0.00799560546875 0.022983905252880077)
(0.008056640625 0.022886411967571674)
(0.00811767578125 0.022789332229842984)
(0.0081787109375 0.022692664285505492)
(0.00823974609375 0.02259640638781162)
(0.00830078125 0.02250055679742314)
(0.00836181640625 0.022405113782379773)
(0.0084228515625 0.02231007561806787)
(0.00848388671875 0.022215440587189262)
(0.008544921875 0.02212120697973022)
(0.00860595703125 0.022027373092930576)
(0.0086669921875 0.02193393723125292)
(0.00872802734375 0.021840897706351996)
(0.0087890625 0.021748252837044176)
(0.00885009765625 0.021656000949277086)
(0.0089111328125 0.02156414037609936)
(0.00897216796875 0.02147266945763051)
(0.009033203125 0.021381586541030943)
(0.00909423828125 0.021290889980472096)
(0.0091552734375 0.021200578137106678)
(0.00921630859375 0.021110649379039084)
(0.00927734375 0.02102110208129588)
(0.00933837890625 0.02093193462579646)
(0.0093994140625 0.020843145401323808)
(0.00946044921875 0.020754732803495365)
(0.009521484375 0.02066669523473406)
(0.00958251953125 0.020579031104239434)
(0.0096435546875 0.020491738827958888)
(0.00970458984375 0.02040481682855907)
(0.009765625 0.020318263535397375)
(0.00982666015625 0.020232077384493546)
(0.0098876953125 0.02014625681850144)
(0.00994873046875 0.020060800286680867)
(0.010009765625 0.01997570624486958)
(0.01007080078125 0.019890973155455356)
(0.0101318359375 0.019806599487348243)
(0.01019287109375 0.01972258371595286)
(0.01025390625 0.019638924323140877)
(0.01031494140625 0.019555619797223554)
(0.0103759765625 0.01947266863292445)
(0.01043701171875 0.01939006933135222)
(0.010498046875 0.01930782039997351)
(0.01055908203125 0.019225920352586016)
(0.0106201171875 0.019144367709291607)
(0.01068115234375 0.0190631609964696)
(0.0107421875 0.018982298746750118)
(0.01080322265625 0.01890177949898758)
(0.0108642578125 0.018821601798234316)
(0.01092529296875 0.018741764195714244)
(0.010986328125 0.018662265248796713)
(0.01104736328125 0.01858310352097044)
(0.0111083984375 0.018504277581817535)
(0.01116943359375 0.018425786006987663)
(0.01123046875 0.01834762737817231)
(0.01129150390625 0.018269800283079153)
(0.0113525390625 0.018192303315406534)
(0.01141357421875 0.018115135074818055)
(0.011474609375 0.01803829416691727)
(0.01153564453125 0.017961779203222502)
(0.0115966796875 0.01788558880114173)
(0.01165771484375 0.017809721583947634)
(0.01171875 0.01773417618075269)
(0.01177978515625 0.017658951226484424)
(0.0118408203125 0.017584045361860725)
(0.01190185546875 0.017509457233365302)
(0.011962890625 0.017435185493223208)
(0.01202392578125 0.017361228799376505)
(0.0120849609375 0.017287585815459992)
(0.01214599609375 0.017214255210777085)
(0.01220703125 0.017141235660275745)
(0.01226806640625 0.017068525844524545)
(0.0123291015625 0.01699612444968884)
(0.01239013671875 0.01692403016750701)
(0.012451171875 0.016852241695266827)
(0.01251220703125 0.01678075773578192)
(0.0125732421875 0.016709576997368317)
(0.01263427734375 0.016638698193821133)
(0.0126953125 0.016568120044391312)
(0.01275634765625 0.016497841273762484)
(0.0128173828125 0.01642786061202792)
(0.01287841796875 0.01635817679466759)
(0.012939453125 0.016288788562525323)
(0.01300048828125 0.01621969466178603)
(0.0130615234375 0.016150893843953067)
(0.01312255859375 0.016082384865825673)
(0.01318359375 0.016014166489476497)
(0.0133056640625 0.01587859600680931)
(0.01336669921875 0.01581124206321668)
(0.013427734375 0.015744173821970124)
(0.01348876953125 0.015677390071175773)
(0.0135498046875 0.015610889604080387)
(0.01361083984375 0.015544671219049537)
(0.013671875 0.015478733719545897)
(0.01373291015625 0.015413075914107613)
(0.0137939453125 0.015347696616326787)
(0.01385498046875 0.015282594644836965)
(0.013916015625 0.015217768823264914)
(0.01397705078125 0.015153217980236245)
(0.0140380859375 0.015088940949345462)
(0.01409912109375 0.015024936569134582)
(0.01416015625 0.014961203683072457)
(0.01422119140625 0.014897741139533563)
(0.0142822265625 0.014834547791777503)
(0.01434326171875 0.014771622497927977)
(0.014404296875 0.014708964120952451)
(0.01446533203125 0.014646571528641319)
(0.0145263671875 0.01458444359358773)
(0.01458740234375 0.014522579193166931)
(0.0146484375 0.014460977209516269)
(0.01470947265625 0.014399636529514702)
(0.0147705078125 0.014338556044762977)
(0.01483154296875 0.014277734651563312)
(0.014892578125 0.014217171250899737)
(0.01495361328125 0.014156864748417956)
(0.0150146484375 0.014096814054405847)
(0.01507568359375 0.0140370180837735)
(0.01513671875 0.013977475756033886)
(0.01519775390625 0.013918185995283047)
(0.0152587890625 0.013859147730180944)
(0.01531982421875 0.013800359893931816)
(0.015380859375 0.013741821424265176)
(0.01544189453125 0.013683531263416353)
(0.0155029296875 0.013625488358107635)
(0.01556396484375 0.013567691659528983)
(0.015625 0.013510140123319334)
(0.01568603515625 0.01345283270954747)
(0.0157470703125 0.013395768382693497)
(0.01580810546875 0.013338946111629855)
(0.015869140625 0.013282364869602966)
(0.01593017578125 0.013226023634214405)
(0.0159912109375 0.013169921387402694)
(0.01605224609375 0.013114057115424646)
(0.01611328125 0.013058429808837304)
(0.01617431640625 0.013003038462479443)
(0.0162353515625 0.012947882075453667)
(0.016357421875 0.012838269703941878)
(0.0164794921875 0.012729585273135972)
(0.0166015625 0.012621820927408496)
(0.0167236328125 0.012514968877635042)
(0.016845703125 0.012409021400631257)
(0.0169677734375 0.012303970838594617)
(0.01708984375 0.01219980959855092)
(0.0172119140625 0.012096530151805483)
(0.017333984375 0.011994125033398964)
(0.0174560546875 0.011892586841567807)
(0.017578125 0.011791908237209244)
(0.0177001953125 0.011692081943350831)
(0.017822265625 0.011593100744624475)
(0.0179443359375 0.011494957486744915)
(0.01806640625 0.011397645075992611)
(0.0181884765625 0.011301156478701016)
(0.018310546875 0.011205484720748192)
(0.0184326171875 0.011110622887052722)
(0.0185546875 0.011016564121073895)
(0.0186767578125 0.01092330162431612)
(0.018798828125 0.010830828655837536)
(0.0189208984375 0.010739138531762784)
(0.01904296875 0.010648224624799892)
(0.0191650390625 0.010558080363761276)
(0.019287109375 0.010468699233088763)
(0.0194091796875 0.010380074772382666)
(0.01953125 0.010292200575934817)
(0.0196533203125 0.01020507029226558)
(0.019775390625 0.010118677623664762)
(0.0198974609375 0.010033016325736421)
(0.02001953125 0.009948080206947534)
(0.0201416015625 0.009863863128180465)
(0.020263671875 0.009780359002289242)
(0.0203857421875 0.009697561793659585)
(0.0205078125 0.009615465517772646)
(0.0206298828125 0.009534064240772465)
(0.020751953125 0.009453352079037065)
(0.0208740234375 0.009373323198753199)
(0.02099609375 0.009293971815494673)
(0.0211181640625 0.009215292193804266)
(0.021240234375 0.009137278646779164)
(0.0213623046875 0.009059925535659923)
(0.021484375 0.008983227269422899)
(0.0216064453125 0.008907178304376137)
(0.021728515625 0.008831773143758673)
(0.0218505859375 0.008757006337343236)
(0.02197265625 0.008682872481042308)
(0.0220947265625 0.008609366216517518)
(0.022216796875 0.008536482230792354)
(0.0223388671875 0.008464215255868131)
(0.0224609375 0.008392560068343241)
(0.0225830078125 0.008321511489035597)
(0.022705078125 0.008251064382608288)
(0.0228271484375 0.008181213657198405)
(0.02294921875 0.008111954264049)
(0.0230712890625 0.008043281197144175)
(0.023193359375 0.007975189492847234)
(0.0233154296875 0.007907674229541932)
(0.0234375 0.007840730527276737)
(0.0235595703125 0.00777435354741211)
(0.023681640625 0.007708538492270772)
(0.0238037109375 0.007643280604790937)
(0.02392578125 0.007578575168182467)
(0.0240478515625 0.007514417505585953)
(0.024169921875 0.00745080297973467)
(0.0242919921875 0.007387726992619404)
(0.0244140625 0.007325184985156105)
(0.0245361328125 0.007263172436856367)
(0.024658203125 0.007201684865500685)
(0.0247802734375 0.007140717826814486)
(0.02490234375 0.0070802669141469)
(0.0250244140625 0.00702032775815225)
(0.025146484375 0.006960896026474241)
(0.0252685546875 0.006901967423432817)
(0.025390625 0.006843537689713677)
(0.0255126953125 0.006785602602060413)
(0.025634765625 0.006728157972969251)
(0.0257568359375 0.006671199650386394)
(0.02587890625 0.006614723517407901)
(0.0260009765625 0.006558725491982128)
(0.026123046875 0.0065032015266146825)
(0.0262451171875 0.006448147608075864)
(0.0263671875 0.0063935597571106026)
(0.0264892578125 0.006339434028150831)
(0.026611328125 0.006285766509030311)
(0.0267333984375 0.0062325533207018575)
(0.02685546875 0.006179790616956969)
(0.0269775390625 0.006127474584147825)
(0.027099609375 0.006075601440911636)
(0.0272216796875 0.006024167437897334)
(0.02734375 0.00597316885749457)
(0.0274658203125 0.0059226020135650075)
(0.027587890625 0.0058724632511758905)
(0.0277099609375 0.00582274894633587)
(0.02783203125 0.005773455505733065)
(0.0279541015625 0.0057245793664753375)
(0.028076171875 0.005676116995832772)
(0.0281982421875 0.005628064890982332)
(0.0283203125 0.005580419578754677)
(0.0284423828125 0.005533177615383127)
(0.028564453125 0.005486335586254748)
(0.0286865234375 0.005439890105663548)
(0.02880859375 0.005393837816565758)
(0.0289306640625 0.00534817539033719)
(0.029052734375 0.005302899526532645)
(0.0291748046875 0.005258006952647362)
(0.029296875 0.005213494423880478)
(0.0294189453125 0.005169358722900506)
(0.029541015625 0.0051255966596127755)
(0.0296630859375 0.005082205070928869)
(0.02978515625 0.005039180820537986)
(0.030029296875 0.00495422039970007)
(0.0301513671875 0.004912279623620302)
(0.0302734375 0.004870693903751972)
(0.0303955078125 0.004829460234310713)
(0.030517578125 0.004788575634958871)
(0.0306396484375 0.004748037150588539)
(0.03076171875 0.004707841851109503)
(0.0308837890625 0.004667986831235929)
(0.031005859375 0.004628469210277884)
(0.03125 0.004550433365876843)
(0.031494140625 0.004473713201763899)
(0.03173828125 0.004398286535637734)
(0.031982421875 0.00432413155918948)
(0.0322265625 0.004251226831797222)
(0.032470703125 0.004179551274326821)
(0.03271484375 0.004109084163037246)
(0.032958984375 0.004039805123588663)
(0.033203125 0.003971694125151553)
(0.033447265625 0.0039047314746151404)
(0.03369140625 0.003838897810893479)
(0.033935546875 0.0037741740993275244)
(0.0341796875 0.0037105416261815974)
(0.034423828125 0.0036479819932326305)
(0.03466796875 0.0035864771124506437)
(0.034912109375 0.0035260092007689025)
(0.03515625 0.003466560774942255)
(0.035400390625 0.003408114646492156)
(0.03564453125 0.0033506539167369163)
(0.035888671875 0.0032941619719057424)
(0.0361328125 0.0032386224783351545)
(0.036376953125 0.003184019377746391)
(0.03662109375 0.003130336882602438)
(0.036865234375 0.003077559471543334)
(0.037109375 0.003025671884898443)
(0.037353515625 0.0029746591202743818)
(0.03759765625 0.0029245064282173426)
(0.037841796875 0.002875199307948542)
(0.0380859375 0.002826723503171574)
(0.038330078125 0.0027790649979504514)
(0.03857421875 0.0027322100126571376)
(0.038818359375 0.002686144999987411)
(0.0390625 0.002640856641043896)
(0.039306640625 0.002596331841485133)
(0.03955078125 0.0025525577277395826)
(0.039794921875 0.0025095216432834506)
(0.0400390625 0.002467211144981277)
(0.040283203125 0.0024256139994882206)
(0.04052734375 0.002384718179712998)
(0.040771484375 0.0023445118613404604)
(0.041015625 0.0023049834194127984)
(0.041259765625 0.0022661214249683867)
(0.04150390625 0.002227914641737301)
(0.041748046875 0.002190352022892542)
(0.0419921875 0.0021534227078560423)
(0.042236328125 0.0021171160191585142)
(0.04248046875 0.002081421459352249)
(0.042724609375 0.00204632870797596)
(0.04296875 0.0020118276185708025)
(0.043212890625 0.0019779082157467005)
(0.04345703125 0.0019445606922981358)
(0.043701171875 0.001911775406368566)
(0.0439453125 0.0018795428786626493)
(0.044189453125 0.0018478537897054705)
(0.04443359375 0.0018166989771479767)
(0.044677734375 0.001786069433117845)
(0.044921875 0.0017559563016150105)
(0.045166015625 0.0017263508759511096)
(0.04541015625 0.0016972445962320924)
(0.045654296875 0.0016686290468832775)
(0.0458984375 0.0016404959542161346)
(0.046142578125 0.0016128371840360926)
(0.04638671875 0.0015856447392906777)
(0.046630859375 0.0015589107577573054)
(0.046875 0.0015326275097700551)
(0.047119140625 0.0015067873959847715)
(0.04736328125 0.001481382945181847)
(0.0478515625 0.0014318482551866178)
(0.04833984375 0.0013839699068993213)
(0.048828125 0.0013376925155420198)
(0.04931640625 0.0012929625482937777)
(0.0498046875 0.001249728262364896)
(0.05029296875 0.0012079396451418224)
(0.05078125 0.0011675483563334957)
(0.05126953125 0.0011285076720522012)
(0.0517578125 0.0010907724307642527)
(0.05224609375 0.001054298981047976)
(0.052734375 0.0010190451310985612)
(0.05322265625 0.000984970099921372)
(0.0537109375 0.0009520344701572552)
(0.05419921875 0.0009202001424852783)
(0.0546875 0.000889430291550147)
(0.05517578125 0.0008596893233633245)
(0.0556640625 0.0008309428341285719)
(0.05615234375 0.0008031575704442807)
(0.056640625 0.0007763013908365603)
(0.05712890625 0.0007503432285785839)
(0.0576171875 0.0007252530557531789)
(0.05810546875 0.0007010018485170961)
(0.05859375 0.0006775615535267713)
(0.05908203125 0.0006549050554867418)
(0.0595703125 0.0006330061457831818)
(0.06005859375 0.0006118394921662675)
(0.060546875 0.0005913806094463057)
(0.06103515625 0.0005716058311697248)
(0.0615234375 0.0005524922822421646)
(0.06201171875 0.0005340178524669955)
(0.0625 0.0005161611709686575)
(0.06298828125 0.0004989015814712318)
(0.0634765625 0.0004822191184036468)
(0.06396484375 0.0004660944838038808)
(0.064453125 0.00045050902499544027)
(0.06494140625 0.0004354447130102933)
(0.0654296875 0.0004208841217332971)
(0.06640625 0.0003931995522970731)
(0.0673828125 0.0003673359719011477)
(0.068359375 0.00034317360259699845)
(0.0693359375 0.00032060054498802393)
(0.0703125 0.0002995122600074409)
(0.0712890625 0.0002798110847829212)
(0.072265625 0.0002614057803458686)
(0.0732421875 0.00024421110909071187)
(0.07421875 0.00022814744002736917)
(0.0751953125 0.00021314037999874903)
(0.076171875 0.000199120429155406)
(0.0771484375 0.0001860226590918026)
(0.078125 0.00017378641215358236)
(0.0791015625 0.00016235502052330133)
(0.080078125 0.00015167554378366522)
(0.0810546875 0.00014169852374288904)
(0.08203125 0.00013237775538674107)
(0.083984375 0.00011551691253037728)
(0.0849609375 0.00010791827428832165)
(0.0859375 0.00010081944653559349)
(0.087890625 8.797799244977041e-05)
(0.08984375 7.677207585836512e-05)
(0.091796875 6.699338837087616e-05)
(0.09375 5.8460152558865015e-05)
(0.095703125 5.101374287011981e-05)
(0.09765625 4.4515736916245835e-05)
(0.099609375 3.884534231966006e-05)
(0.1015625 3.3897151287292634e-05)
(0.103515625 2.9579181170455742e-05)
(0.10546875 2.5811164586576394e-05)
(0.109375 1.962866379172428e-05)
(0.11328125 1.4926732428260342e-05)
(0.1171875 1.1350807586208571e-05)
(0.12109375 8.631236148301793e-06)
(0.125 6.562940817548224e-06)
(0.12890625 4.989955670546198e-06)
(0.1328125 3.7936650954560738e-06)
(0.140625 2.168632773332747e-06)
(0.1484375 1.2386889933620124e-06)
(0.15625 7.065178605349841e-07)
(0.171875 2.047490133296639e-07)
(0.1875 5.660306690256908e-08)
(0.25 -2.844672177511124e-08)
(0.5 1.278833126679995e-08)
(1.0 -2.17279583229467e-08)
(2.0 9.897825610865783e-09)
(3.0 -1.996232808717243e-08)
(4.0 8.23076843101771e-09)
(5.0 -1.8388340746934728e-08)
(6.0 6.7446549506276615e-09)
(7.0 -1.6985195231857676e-08)
(8.0 5.419845397117361e-09)
(9.0 -1.5734348235345337e-08)
(10.0 4.238831715070381e-09)
(11.0 -1.4619269155987609e-08)
(12.0 3.1860061871209383e-09)
(13.0 -1.3625221636930854e-08)
(14.0 2.247455169893682e-09)
(15.0 -1.2739068817150961e-08)
(16.0 1.4107752178696108e-09)
(17.0 -1.1949099720908006e-08)
(18.0 6.649091653136493e-10)
(19.0 -1.1244874491027356e-08)
(20.0 0.0))