-5.0000000000000000e+01 -5.1253235283533059e-02 2.5499999999999998e+00 1.0000000000000000e+00
-4.9000000000000000e+01 -5.1253235283533059e-02 2.5499999999999998e+00 1.0000000000000000e+00

-4.9000000000000000e+01 -5.1253235283533059e-02 2.5499999999999998e+00 1.0000000000000000e+00
-4.8000000000000000e+01 -5.1253235283533059e-02 2.5499999999999998e+00 1.0000000000000000e+00

-4.8000000000000000e+01 -5.1253235283533059e-02 2.5499999999999998e+00 1.0000000000000000e+00
-4.7000000000000000e+01 -5.1253235283533059e-02 2.5499999999999998e+00 1.0000000000000000e+00

-4.7000000000000000e+01 -5.1253235283533059e-02 2.5499999999999998e+00 1.0000000000000000e+00
-4.6000000000000000e+01 -5.1253235283533059e-02 2.5499999999999998e+00 1.0000000000000000e+00

-4.6000000000000000e+01 -5.1253235283533059e-02 2.5499999999999998e+00 1.0000000000000000e+00
-4.5000000000000000e+01 -5.1253235283533059e-02 2.5499999999999998e+00 1.0000000000000000e+00

-4.5000000000000000e+01 -5.1253235283533059e-02 2.5499999999999998e+00 1.0000000000000000e+00
-4.4000000000000000e+01 -5.1253235283533059e-02 2.5499999999999998e+00 1.0000000000000000e+00

-4.4000000000000000e+01 -5.1253235283533059e-02 2.5499999999999998e+00 1.0000000000000000e+00
-4.3000000000000000e+01 -5.1253235283533059e-02 2.5499999999999998e+00 1.0000000000000000e+00

-4.3000000000000000e+01 -5.1253235283533059e-02 2.5499999999999998e+00 1.0000000000000000e+00
-4.2000000000000000e+01 -5.1253235283533059e-02 2.5499999999999998e+00 1.0000000000000000e+00

-4.2000000000000000e+01 -5.1253235283533059e-02 2.5499999999999998e+00 1.0000000000000000e+00
-4.1000000000000000e+01 -5.1253235283533059e-02 2.5499999999999998e+00 1.0000000000000000e+00

-4.1000000000000000e+01 -5.1253235283533059e-02 2.5499999999999998e+00 1.0000000000000000e+00
-4.0000000000000000e+01 -5.1253235283533059e-02 2.5499999999999998e+00 1.0000000000000000e+00

-4.0000000000000000e+01 -5.1253235283533059e-02 2.5499999999999998e+00 1.0000000000000000e+00
-3.9000000000000000e+01 -5.1253235283533059e-02 2.5499999999999998e+00 1.0000000000000000e+00

-3.9000000000000000e+01 -5.1253235283533059e-02 2.5499999999999998e+00 1.0000000000000000e+00
-3.8000000000000000e+01 -5.1253235283533059e-02 2.5499999999999998e+00 1.0000000000000000e+00

-3.8000000000000000e+01 -5.1253235283533059e-02 2.5499999999999998e+00 1.0000000000000000e+00
-3.7000000000000000e+01 -5.1253235283533059e-02 2.5499999999999998e+00 1.0000000000000000e+00

-3.7000000000000000e+01 -5.1253235283533059e-02 2.5499999999999998e+00 1.0000000000000000e+00
-3.6000000000000000e+01 -5.1253235283533059e-02 2.5499999999999998e+00 1.0000000000000000e+00

-3.6000000000000000e+01 -5.1253235283533059e-02 2.5499999999999998e+00 1.0000000000000000e+00
-3.5000000000000000e+01 -5.1253235283533059e-02 2.5499999999999998e+00 1.0000000000000000e+00

-3.5000000000000000e+01 -5.1253235283533059e-02 2.5499999999999998e+00 1.0000000000000000e+00
-3.4000000000000000e+01 -5.1253235283533059e-02 2.5499999999999998e+00 1.0000000000000000e+00

-3.4000000000000000e+01 -5.1253235283533059e-02 2.5499999999999998e+00 1.0000000000000000e+00
-3.3000000000000000e+01 -5.1253235283533059e-02 2.5499999999999998e+00 1.0000000000000000e+00

-3.3000000000000000e+01 -5.1253235283533059e-02 2.5499999999999998e+00 1.0000000000000000e+00
-3.2000000000000000e+01 -5.1253235283533066e-02 2.5499999999999998e+00 1.0000000000000000e+00

-3.2000000000000000e+01 -5.1253235283533066e-02 2.5499999999999998e+00 1.0000000000000000e+00
-3.1000000000000000e+01 -5.1253235283533059e-02 2.5499999999999998e+00 1.0000000000000000e+00

-3.1000000000000000e+01 -5.1253235283533059e-02 2.5499999999999998e+00 1.0000000000000000e+00
-3.0000000000000000e+01 -5.1253235283533066e-02 2.5499999999999998e+00 1.0000000000000000e+00

-3.0000000000000000e+01 -5.1253235283533066e-02 2.5499999999999998e+00 1.0000000000000000e+00
-2.9000000000000000e+01 -5.1253235283533052e-02 2.5499999999999998e+00 1.0000000000000000e+00

-2.9000000000000000e+01 -5.1253235283533052e-02 2.5499999999999998e+00 1.0000000000000000e+00
-2.8000000000000000e+01 -5.1253235283533073e-02 2.5499999999999998e+00 1.0000000000000000e+00

-2.8000000000000000e+01 -5.1253235283533073e-02 2.5499999999999998e+00 1.0000000000000000e+00
-2.7000000000000000e+01 -5.1253235283533045e-02 2.5499999999999998e+00 1.0000000000000000e+00

-2.7000000000000000e+01 -5.1253235283533045e-02 2.5499999999999998e+00 1.0000000000000000e+00
-2.6000000000000000e+01 -5.1253235283533094e-02 2.5499999999999998e+00 1.0000000000000000e+00

-2.6000000000000000e+01 -5.1253235283533094e-02 2.5499999999999998e+00 1.0000000000000000e+00
-2.5000000000000000e+01 -5.1253235283533004e-02 2.5499999999999998e+00 1.0000000000000000e+00

-2.5000000000000000e+01 -5.1253235283533004e-02 2.5499999999999998e+00 1.0000000000000000e+00
-2.4000000000000000e+01 -5.1253235283533163e-02 2.5499999999999998e+00 1.0000000000000000e+00

-2.4000000000000000e+01 -5.1253235283533163e-02 2.5499999999999998e+00 1.0000000000000000e+00
-2.3000000000000000e+01 -5.1253235283532886e-02 2.5499999999999998e+00 1.0000000000000000e+00

-2.3000000000000000e+01 -5.1253235283532886e-02 2.5499999999999998e+00 1.0000000000000000e+00
-2.2000000000000000e+01 -5.1253235283533351e-02 2.5499999999999994e+00 1.0000000000000000e+00

-2.2000000000000000e+01 -5.1253235283533351e-02 2.5499999999999994e+00 1.0000000000000000e+00
-2.1000000000000000e+01 -5.1253235283532525e-02 2.5499999999999998e+00 9.9999999999999978e-01

-2.1000000000000000e+01 -5.1253235283532525e-02 2.5499999999999998e+00 9.9999999999999978e-01
-2.0000000000000000e+01 -5.1253235283533795e-02 2.5499999999999972e+00 9.9999999999999889e-01

-2.0000000000000000e+01 -5.1253235283533795e-02 2.5499999999999972e+00 9.9999999999999889e-01
-1.9000000000000000e+01 -5.1253235283530561e-02 2.5499999999999901e+00 9.9999999999999301e-01

-1.9000000000000000e+01 -5.1253235283530561e-02 2.5499999999999901e+00 9.9999999999999301e-01
-1.8000000000000000e+01 -5.1253235283529812e-02 2.5499999999999310e+00 9.9999999999995748e-01

-1.8000000000000000e+01 -5.1253235283529812e-02 2.5499999999999310e+00 9.9999999999995748e-01
-1.7000000000000000e+01 -5.1253235283492161e-02 2.5499999999995935e+00 9.9999999999973865e-01

-1.7000000000000000e+01 -5.1253235283492161e-02 2.5499999999995935e+00 9.9999999999973865e-01
-1.6500000000000000e+01 -5.1253235283432265e-02 2.5499999999988776e+00 9.9999999999928357e-01

-1.6500000000000000e+01 -5.1253235283432265e-02 2.5499999999988776e+00 9.9999999999928357e-01
-1.6000000000000000e+01 -5.1253235283295152e-02 2.5499999999974197e+00 9.9999999999834999e-01

-1.6000000000000000e+01 -5.1253235283295152e-02 2.5499999999974197e+00 9.9999999999834999e-01
-1.5500000000000000e+01 -5.1253235282965603e-02 2.5499999999938048e+00 9.9999999999604017e-01

-1.5500000000000000e+01 -5.1253235282965603e-02 2.5499999999938048e+00 9.9999999999604017e-01
-1.5000000000000000e+01 -5.1253235282182993e-02 2.5499999999852858e+00 9.9999999999059341e-01

-1.5000000000000000e+01 -5.1253235282182993e-02 2.5499999999852858e+00 9.9999999999059341e-01
-1.4500000000000000e+01 -5.1253235280319380e-02 2.5499999999649581e+00 9.9999999997759881e-01

-1.4500000000000000e+01 -5.1253235280319380e-02 2.5499999999649581e+00 9.9999999997759881e-01
-1.4000000000000000e+01 -5.1253235275883074e-02 2.5499999999166025e+00 9.9999999994668565e-01

-1.4000000000000000e+01 -5.1253235275883074e-02 2.5499999999166025e+00 9.9999999994668565e-01
-1.3500000000000000e+01 -5.1253235265326678e-02 2.5499999998014840e+00 9.9999999987309407e-01

-1.3500000000000000e+01 -5.1253235265326678e-02 2.5499999998014840e+00 9.9999999987309407e-01
-1.3000000000000000e+01 -5.1253235240188183e-02 2.5499999995274911e+00 9.9999999969793285e-01

-1.3000000000000000e+01 -5.1253235240188183e-02 2.5499999995274911e+00 9.9999999969793285e-01
-1.2500000000000000e+01 -5.1253235180390558e-02 2.5499999988752799e+00 9.9999999928099981e-01

-1.2500000000000000e+01 -5.1253235180390558e-02 2.5499999988752799e+00 9.9999999928099981e-01
-1.2000000000000000e+01 -5.1253235037928918e-02 2.5499999973229510e+00 9.9999999828859187e-01

-1.2000000000000000e+01 -5.1253235037928918e-02 2.5499999973229510e+00 9.9999999828859187e-01
-1.1500000000000000e+01 -5.1253234699254066e-02 2.5499999936276661e+00 9.9999999592639999e-01

-1.1500000000000000e+01 -5.1253234699254066e-02 2.5499999936276661e+00 9.9999999592639999e-01
-1.1000000000000000e+01 -5.1253233891730046e-02 2.5499999848330215e+00 9.9999999030376541e-01

-1.1000000000000000e+01 -5.1253233891730046e-02 2.5499999848330215e+00 9.9999999030376541e-01
-1.0500000000000000e+01 -5.1253231974193215e-02 2.5499999638958317e+00 9.9999997692042220e-01

-1.0500000000000000e+01 -5.1253231974193215e-02 2.5499999638958317e+00 9.9999997692042220e-01
-1.0000000000000000e+01 -5.1253227394841859e-02 2.5499999140718197e+00 9.9999994506456102e-01

-1.0000000000000000e+01 -5.1253227394841859e-02 2.5499999140718197e+00 9.9999994506456102e-01
-9.5000000000000000e+00 -5.1253216544627375e-02 2.5499997954381088e+00 9.9999986923927175e-01

-9.5000000000000000e+00 -5.1253216544627375e-02 2.5499997954381088e+00 9.9999986923927175e-01
-9.0000000000000000e+00 -5.1253190553896648e-02 2.5499995131891717e+00 9.9999968875524270e-01

-9.0000000000000000e+00 -5.1253190553896648e-02 2.5499995131891717e+00 9.9999968875524270e-01
-8.5000000000000000e+00 -5.1253129231325217e-02 2.5499988409330547e+00 9.9999925915608134e-01

-8.5000000000000000e+00 -5.1253129231325217e-02 2.5499988409330547e+00 9.9999925915608134e-01
-8.0000000000000000e+00 -5.1252981479523257e-02 2.5499972422060435e+00 9.9999823659809783e-01

-8.0000000000000000e+00 -5.1252981479523257e-02 2.5499972422060435e+00 9.9999823659809783e-01
-7.5000000000000000e+00 -5.1252635689584908e-02 2.5499934321454920e+00 9.9999580264526233e-01

-7.5000000000000000e+00 -5.1252635689584908e-02 2.5499934321454920e+00 9.9999580264526233e-01
-7.0000000000000000e+00 -5.1251793171180317e-02 2.5499843786516925e+00 9.9999000921678083e-01

-7.0000000000000000e+00 -5.1251793171180317e-02 2.5499843786516925e+00 9.9999000921678083e-01
-6.5000000000000000e+00 -5.1249851926195210e-02 2.5499627782439291e+00 9.9997621943409909e-01

-6.5000000000000000e+00 -5.1249851926195210e-02 2.5499627782439291e+00 9.9997621943409909e-01
-6.0000000000000000e+00 -5.1245019770113746e-02 2.5499115321977737e+00 9.9994339667356757e-01

-6.0000000000000000e+00 -5.1245019770113746e-02 2.5499115321977737e+00 9.9994339667356757e-01
-5.5000000000000000e+00 -5.1234216365654520e-02 2.5497890045058562e+00 9.9986527293021266e-01

-5.5000000000000000e+00 -5.1234216365654520e-02 2.5497890045058562e+00 9.9986527293021266e-01
-5.0000000000000000e+00 -5.1206203044942944e-02 2.5494992076108520e+00 9.9967933507163609e-01

-5.0000000000000000e+00 -5.1206203044942944e-02 2.5494992076108520e+00 9.9967933507163609e-01
-4.5000000000000000e+00 -5.1147132735361769e-02 2.5488035449304456e+00 9.9923685126058237e-01

-4.5000000000000000e+00 -5.1147132735361769e-02 2.5488035449304456e+00 9.9923685126058237e-01
-4.0000000000000000e+00 -5.0981596501323369e-02 2.5471683760642572e+00 9.9818417266825465e-01

4.5000000000000000e+00 6.0000000000000150e-02 9.6125323528352091e-01 -9.4507160625333595e-15
5.0000000000000000e+00 5.9999999999999859e-02 9.6125323528354201e-01 7.1317486136672639e-15

5.0000000000000000e+00 5.9999999999999859e-02 9.6125323528354201e-01 7.1317486136672639e-15
5.5000000000000000e+00 6.0000000000000081e-02 9.6125323528352602e-01 -5.3865686077607005e-15

5.5000000000000000e+00 6.0000000000000081e-02 9.6125323528352602e-01 -5.3865686077607005e-15
6.0000000000000000e+00 5.9999999999999915e-02 9.6125323528353812e-01 4.0636710952587628e-15

6.0000000000000000e+00 5.9999999999999915e-02 9.6125323528353812e-01 4.0636710952587628e-15
6.5000000000000000e+00 6.0000000000000039e-02 9.6125323528352902e-01 -3.0704371770227450e-15

6.5000000000000000e+00 6.0000000000000039e-02 9.6125323528352902e-01 -3.0704371770227450e-15
7.0000000000000000e+00 5.9999999999999942e-02 9.6125323528353590e-01 2.3151934989968460e-15

7.0000000000000000e+00 5.9999999999999942e-02 9.6125323528353590e-01 2.3151934989968460e-15
7.5000000000000000e+00 6.0000000000000019e-02 9.6125323528353068e-01 -1.7504888079073135e-15

7.5000000000000000e+00 6.0000000000000019e-02 9.6125323528353068e-01 -1.7504888079073135e-15
8.0000000000000000e+00 5.9999999999999963e-02 9.6125323528353468e-01 1.3187473901858494e-15

8.0000000000000000e+00 5.9999999999999963e-02 9.6125323528353468e-01 1.3187473901858494e-15
8.5000000000000000e+00 6.0000000000000005e-02 9.6125323528353168e-01 -9.9825874270457550e-16

8.5000000000000000e+00 6.0000000000000005e-02 9.6125323528353168e-01 -9.9825874270457550e-16
9.0000000000000000e+00 5.9999999999999970e-02 9.6125323528353390e-01 7.5087917735612758e-16

9.0000000000000000e+00 5.9999999999999970e-02 9.6125323528353390e-01 7.5087917735612758e-16
9.5000000000000000e+00 5.9999999999999998e-02 9.6125323528353224e-01 -5.6956767855258167e-16

9.5000000000000000e+00 5.9999999999999998e-02 9.6125323528353224e-01 -5.6956767855258167e-16
1.0000000000000000e+01 5.9999999999999977e-02 9.6125323528353346e-01 4.2725474420633609e-16

1.0000000000000000e+01 5.9999999999999977e-02 9.6125323528353346e-01 4.2725474420633609e-16
1.0500000000000000e+01 5.9999999999999991e-02 9.6125323528353246e-01 -3.2525940509587120e-16

1.0500000000000000e+01 5.9999999999999991e-02 9.6125323528353246e-01 -3.2525940509587120e-16
1.1000000000000000e+01 5.9999999999999984e-02 9.6125323528353324e-01 2.4282326634510307e-16

1.1000000000000000e+01 5.9999999999999984e-02 9.6125323528353324e-01 2.4282326634510307e-16
1.1500000000000000e+01 5.9999999999999991e-02 9.6125323528353268e-01 -1.8602969525540424e-16

1.1500000000000000e+01 5.9999999999999991e-02 9.6125323528353268e-01 -1.8602969525540424e-16
1.2000000000000000e+01 5.9999999999999984e-02 9.6125323528353313e-01 1.3771695625993815e-16

1.2000000000000000e+01 5.9999999999999984e-02 9.6125323528353313e-01 1.3771695625993815e-16
1.2500000000000000e+01 5.9999999999999991e-02 9.6125323528353279e-01 -1.0668358132674548e-16

1.2500000000000000e+01 5.9999999999999991e-02 9.6125323528353279e-01 -1.0668358132674548e-16
1.3000000000000000e+01 5.9999999999999984e-02 9.6125323528353301e-01 7.7817547840195586e-17

1.3000000000000000e+01 5.9999999999999984e-02 9.6125323528353301e-01 7.7817547840195586e-17
1.3500000000000000e+01 5.9999999999999991e-02 9.6125323528353290e-01 -6.1464742606127369e-17

1.3500000000000000e+01 5.9999999999999991e-02 9.6125323528353290e-01 -6.1464742606127369e-17
1.4000000000000000e+01 5.9999999999999984e-02 9.6125323528353301e-01 4.3681261204515435e-17

1.4000000000000000e+01 5.9999999999999984e-02 9.6125323528353301e-01 4.3681261204515435e-17
1.4500000000000000e+01 5.9999999999999991e-02 9.6125323528353290e-01 -3.5694817986874211e-17

1.4500000000000000e+01 5.9999999999999991e-02 9.6125323528353290e-01 -3.5694817986874211e-17
1.5000000000000000e+01 5.9999999999999984e-02 9.6125323528353301e-01 2.4227211561548246e-17

1.5000000000000000e+01 5.9999999999999984e-02 9.6125323528353301e-01 2.4227211561548246e-17
1.5500000000000000e+01 5.9999999999999991e-02 9.6125323528353290e-01 -2.1008704112845239e-17

1.5500000000000000e+01 5.9999999999999991e-02 9.6125323528353290e-01 -2.1008704112845239e-17
1.6000000000000000e+01 5.9999999999999984e-02 9.6125323528353301e-01 1.3140474112920612e-17

1.6000000000000000e+01 5.9999999999999984e-02 9.6125323528353301e-01 1.3140474112920612e-17
1.6500000000000000e+01 5.9999999999999984e-02 9.6125323528353290e-01 -1.2639182515851306e-17

1.6500000000000000e+01 5.9999999999999984e-02 9.6125323528353290e-01 -1.2639182515851306e-17
1.7000000000000000e+01 5.9999999999999984e-02 9.6125323528353290e-01 6.8222139321454389e-18

1.7000000000000000e+01 5.9999999999999984e-02 9.6125323528353290e-01 6.8222139321454389e-18
1.7500000000000000e+01 5.9999999999999984e-02 9.6125323528353290e-01 -7.8694461282203035e-18

1.7500000000000000e+01 5.9999999999999984e-02 9.6125323528353290e-01 -7.8694461282203035e-18
1.8000000000000000e+01 5.9999999999999984e-02 9.6125323528353290e-01 3.2214781988376729e-18

1.8000000000000000e+01 5.9999999999999984e-02 9.6125323528353290e-01 3.2214781988376729e-18
1.8500000000000000e+01 5.9999999999999984e-02 9.6125323528353290e-01 -5.1512041194167950e-18

1.8500000000000000e+01 5.9999999999999984e-02 9.6125323528353290e-01 -5.1512041194167950e-18
1.9000000000000000e+01 5.9999999999999991e-02 9.6125323528353290e-01 1.1694421248562512e-18

1.9000000000000000e+01 5.9999999999999991e-02 9.6125323528353290e-01 1.1694421248562512e-18
1.9500000000000000e+01 5.9999999999999984e-02 9.6125323528353290e-01 -3.6020955283478123e-18

1.9500000000000000e+01 5.9999999999999984e-02 9.6125323528353290e-01 -3.6020955283478123e-18
2.0000000000000000e+01 5.9999999999999998e-02 9.6125323528353290e-01 0.0000000000000000e+00

1.0000000000000000e+00 6.0000000000456001e-02 9.6125323525048756e-01 -2.9150513208436030e-11
1.2500000000000000e+00 5.9999999999740969e-02 9.6125323530230256e-01 1.6421537085549599e-11

1.2500000000000000e+00 5.9999999999740969e-02 9.6125323530230256e-01 1.6421537085549599e-11
1.5000000000000000e+00 6.0000000000147109e-02 9.6125323527287188e-01 -9.2508488242139458e-12

1.5000000000000000e+00 6.0000000000147109e-02 9.6125323527287188e-01 -9.2508488242139458e-12
1.7500000000000000e+00 5.9999999999916426e-02 9.6125323528958839e-01 5.2113356618386237e-12

1.7500000000000000e+00 5.9999999999916426e-02 9.6125323528958839e-01 5.2113356618386237e-12
2.0000000000000000e+00 6.0000000000047453e-02 9.6125323528009343e-01 -2.9357364871633631e-12

2.0000000000000000e+00 6.0000000000047453e-02 9.6125323528009343e-01 -2.9357364871633631e-12
2.2500000000000000e+00 5.9999999999973026e-02 9.6125323528548656e-01 1.6538042357217460e-12

2.2500000000000000e+00 5.9999999999973026e-02 9.6125323528548656e-01 1.6538042357217460e-12
2.5000000000000000e+00 6.0000000000015298e-02 9.6125323528242335e-01 -9.3165022856670940e-13

2.5000000000000000e+00 6.0000000000015298e-02 9.6125323528242335e-01 -9.3165022856670940e-13
2.7500000000000000e+00 5.9999999999991289e-02 9.6125323528416318e-01 5.2482988433202319e-13

2.7500000000000000e+00 5.9999999999991289e-02 9.6125323528416318e-01 5.2482988433202319e-13
3.0000000000000000e+00 6.0000000000004924e-02 9.6125323528317497e-01 -2.9565809931447729e-13

3.0000000000000000e+00 6.0000000000004924e-02 9.6125323528317497e-01 -2.9565809931447729e-13
3.2500000000000000e+00 5.9999999999997181e-02 9.6125323528373630e-01 1.6655249018293667e-13

3.2500000000000000e+00 5.9999999999997181e-02 9.6125323528373630e-01 1.6655249018293667e-13
3.5000000000000000e+00 6.0000000000001580e-02 9.6125323528341744e-01 -9.3827470737064163e-14

3.5000000000000000e+00 6.0000000000001580e-02 9.6125323528341744e-01 -9.3827470737064163e-14
3.7500000000000000e+00 5.9999999999999082e-02 9.6125323528359852e-01 5.2853989206117122e-14

3.7500000000000000e+00 5.9999999999999082e-02 9.6125323528359852e-01 5.2853989206117122e-14
4.0000000000000000e+00 6.0000000000000504e-02 9.6125323528349571e-01 -2.9776988309608045e-14

4.0000000000000000e+00 6.0000000000000504e-02 9.6125323528349571e-01 -2.9776988309608045e-14
4.2500000000000000e+00 5.9999999999999692e-02 9.6125323528355411e-01 1.6772033285744770e-14

4.2500000000000000e+00 5.9999999999999692e-02 9.6125323528355411e-01 1.6772033285744770e-14
4.5000000000000000e+00 6.0000000000000150e-02 9.6125323528352091e-01 -9.4507160625333595e-15

-3.5000000000000000e+00 -5.0606012416035157e-02 2.5430536272108175e+00 9.9555433903010071e-01
-3.2500000000000000e+00 -5.0246041507824087e-02 2.5392627546836812e+00 9.9312581747535433e-01

-4.0000000000000000e+00 -5.0981596501323369e-02 2.5471683760642572e+00 9.9818417266825465e-01
-3.7500000000000000e+00 -5.0831533000129221e-02 2.5454083066873197e+00 9.9706479646128121e-01

-3.7500000000000000e+00 -5.0831533000129221e-02 2.5454083066873197e+00 9.9706479646128121e-01
-3.5000000000000000e+00 -5.0606012416035157e-02 2.5430536272108175e+00 9.9555433903010071e-01

3.7500000000000000e-01 5.9999999775624792e-02 9.6125325154290864e-01 1.6008539305044288e-08
5.0000000000000000e-01 6.0000000064949530e-02 9.6125323057695633e-01 -4.5332596444514098e-09

5.0000000000000000e-01 6.0000000064949530e-02 9.6125323057695633e-01 -4.5332596444514098e-09
6.2500000000000000e-01 5.9999999981199141e-02 9.6125323664593842e-01 1.2837175693881067e-09

6.2500000000000000e-01 5.9999999981199141e-02 9.6125323664593842e-01 1.2837175693881067e-09
7.5000000000000000e-01 6.0000000005442242e-02 9.6125323488915948e-01 -3.6352006137301860e-10

7.5000000000000000e-01 6.0000000005442242e-02 9.6125323488915948e-01 -3.6352006137301860e-10
8.7500000000000000e-01 5.9999999998424626e-02 9.6125323539769159e-01 1.0294073707593813e-10

8.7500000000000000e-01 5.9999999998424626e-02 9.6125323539769159e-01 1.0294073707593813e-10
1.0000000000000000e+00 6.0000000000456001e-02 9.6125323525048756e-01 -2.9150513208436030e-11

-3.0000000000000000e+00 -4.9703390200878737e-02 2.5333514387878409e+00 9.8934633129248573e-01
-2.8750000000000000e+00 -4.9331538565657342e-02 2.5293527900253325e+00 9.8678804979708368e-01

-2.8750000000000000e+00 -4.9331538565657342e-02 2.5293527900253325e+00 9.8678804979708368e-01
-2.7500000000000000e+00 -4.8869413784982149e-02 2.5244201442037930e+00 9.8363011927703026e-01

-3.2500000000000000e+00 -5.0246041507824087e-02 2.5392627546836812e+00 9.9312581747535433e-01
-3.1250000000000000e+00 -5.0002512686244019e-02 2.5365347369719080e+00 9.9138516495583018e-01

-3.1250000000000000e+00 -5.0002512686244019e-02 2.5365347369719080e+00 9.9138516495583018e-01
-3.0000000000000000e+00 -4.9703390200878737e-02 2.5333514387878409e+00 9.8934633129248573e-01

1.8750000000000000e-01 5.9998039240887494e-02 9.6139532192590771e-01 9.4234482812760318e-05
2.5000000000000000e-01 5.9999904806380101e-02 9.6126013350075878e-01 5.2190388450127043e-06

2.5000000000000000e-01 5.9999904806380101e-02 9.6126013350075878e-01 5.2190388450127043e-06
3.1250000000000000e-01 5.9999995378410720e-02 9.6125357018756108e-01 2.8904876930883990e-07

3.1250000000000000e-01 5.9999995378410720e-02 9.6125357018756108e-01 2.8904876930883990e-07
3.7500000000000000e-01 5.9999999775624792e-02 9.6125325154290864e-01 1.6008539305044288e-08

-2.2500000000000000e+00 -4.5670661267066405e-02 2.4897249864521509e+00 9.6144326940022140e-01
-2.1875000000000000e+00 -4.5049254924765032e-02 2.4829694320764197e+00 9.5712387945393429e-01

-2.1875000000000000e+00 -4.5049254924765032e-02 2.4829694320764197e+00 9.5712387945393429e-01
-2.1250000000000000e+00 -4.4360199202718213e-02 2.4754700267164025e+00 9.5232924407620700e-01

-2.1250000000000000e+00 -4.4360199202718213e-02 2.4754700267164025e+00 9.5232924407620700e-01
-2.0625000000000000e+00 -4.3596379094899822e-02 2.4671481608113615e+00 9.4700915460777435e-01

-3.7500000000000000e-01 3.6857914322580662e-02 1.4565531147286093e+00 3.0665168896823269e-01
-3.1250000000000000e-01 4.1853373171441922e-02 1.3790212671334001e+00 2.5806437953501804e-01

-3.1250000000000000e-01 4.1853373171441922e-02 1.3790212671334001e+00 2.5806437953501804e-01
-2.5000000000000000e-01 4.6601011191695074e-02 1.3008279976088528e+00 2.0919636811654860e-01

-2.5000000000000000e+00 -4.7600184754241444e-02 2.5106475582112902e+00 9.7482313993869962e-01
-2.4375000000000000e+00 -4.7190555811251401e-02 2.5062131683127062e+00 9.7198705346118208e-01

-2.4375000000000000e+00 -4.7190555811251401e-02 2.5062131683127062e+00 9.7198705346118208e-01
-2.3750000000000000e+00 -4.6735726224929650e-02 2.5012846623951899e+00 9.6883515472601134e-01

-2.3750000000000000e+00 -4.6735726224929650e-02 2.5012846623951899e+00 9.6883515472601134e-01
-2.3125000000000000e+00 -4.6230867038421525e-02 2.4958083365084440e+00 9.6533315807072051e-01

-2.3125000000000000e+00 -4.6230867038421525e-02 2.4958083365084440e+00 9.6533315807072051e-01
-2.2500000000000000e+00 -4.5670661267066405e-02 2.4897249864521509e+00 9.6144326940022140e-01

-2.7500000000000000e+00 -4.8869413784982149e-02 2.5244201442037930e+00 9.8363011927703026e-01
-2.6875000000000000e+00 -4.8599733475360687e-02 2.5214518482002028e+00 9.8173419094573844e-01

-2.6875000000000000e+00 -4.8599733475360687e-02 2.5214518482002028e+00 9.8173419094573844e-01
-2.6250000000000000e+00 -4.8300969977197211e-02 2.5182240457774037e+00 9.7966925338698052e-01

-2.6250000000000000e+00 -4.8300969977197211e-02 2.5182240457774037e+00 9.7966925338698052e-01
-2.5625000000000000e+00 -4.7968996893810747e-02 2.5146364899393752e+00 9.7737448348658928e-01

-2.5625000000000000e+00 -4.7968996893810747e-02 2.5146364899393752e+00 9.7737448348658928e-01
-2.5000000000000000e+00 -4.7600184754241444e-02 2.5106475582112902e+00 9.7482313993869962e-01

-1.5000000000000000e+00 -3.1967177138105318e-02 2.3379316477391883e+00 8.6451047354914201e-01
-1.4687500000000000e+00 -3.0982768470318837e-02 2.3268057765681220e+00 8.5741501403724285e-01

-1.4687500000000000e+00 -3.0982768470318837e-02 2.3268057765681220e+00 8.5741501403724285e-01
-1.4375000000000000e+00 -2.9952861737488783e-02 2.3151324363957917e+00 8.4997178136519269e-01

-1.4375000000000000e+00 -2.9952861737488783e-02 2.3151324363957917e+00 8.4997178136519269e-01
-1.4062500000000000e+00 -2.8875878070386191e-02 2.3028888487846384e+00 8.4216645182122762e-01

-1.4062500000000000e+00 -2.8875878070386191e-02 2.3028888487846384e+00 8.4216645182122762e-01
-1.3750000000000000e+00 -2.7750243306820126e-02 2.2900517838686238e+00 8.3398443445855541e-01

-1.3750000000000000e+00 -2.7750243306820126e-02 2.2900517838686238e+00 8.3398443445855541e-01
-1.3437500000000000e+00 -2.6574396107689031e-02 2.2765976189115960e+00 8.2541090977378284e-01

-1.3437500000000000e+00 -2.6574396107689031e-02 2.2765976189115960e+00 8.2541090977378284e-01
-1.3125000000000000e+00 -2.5346796948913983e-02 2.2625024080516276e+00 8.1643087545963722e-01

-5.0000000000000000e-01 2.6551976582384840e-02 1.6068880396605063e+00 4.0114636547665755e-01
-4.6875000000000000e-01 2.9138363539276728e-02 1.5701328094632385e+00 3.7801284956089615e-01

-4.6875000000000000e-01 2.9138363539276728e-02 1.5701328094632385e+00 3.7801284956089615e-01
-4.3750000000000000e-01 3.1724788826490220e-02 1.5327666267605571e+00 3.5451461790643318e-01

-1.6250000000000000e+00 -3.5481188735505854e-02 2.3773977373197948e+00 8.8969004761702353e-01
-1.5937500000000000e+00 -3.4663127086002506e-02 2.3682445030305721e+00 8.8384880284723910e-01

-1.5937500000000000e+00 -3.4663127086002506e-02 2.3682445030305721e+00 8.8384880284723910e-01
-1.5625000000000000e+00 -3.3805796501160043e-02 2.3586295575189511e+00 8.7771384367756999e-01

-1.5625000000000000e+00 -3.3805796501160043e-02 2.3586295575189511e+00 8.7771384367756999e-01
-1.5312500000000000e+00 -3.2907664050127794e-02 2.3485323283951129e+00 8.7127218407558671e-01

-1.5312500000000000e+00 -3.2907664050127794e-02 2.3485323283951129e+00 8.7127218407558671e-01
-1.5000000000000000e+00 -3.1967177138105318e-02 2.3379316477391883e+00 8.6451047354914201e-01

-1.8750000000000000e-01 5.0968671711946460e-02 1.2230139410517606e+00 1.6072876270538444e-01
-1.5625000000000000e-01 5.2950803530541289e-02 1.1845016683385949e+00 1.3682403074036564e-01

-1.5625000000000000e-01 5.2950803530541289e-02 1.1845016683385949e+00 1.3682403074036564e-01
-1.2500000000000000e-01 5.4760253533272234e-02 1.1463972229341515e+00 1.1324284648524287e-01

-4.3750000000000000e-01 3.1724788826490220e-02 1.5327666267605571e+00 3.5451461790643318e-01
-4.0625000000000000e-01 3.4301519413619662e-02 1.4948772695694355e+00 3.3070835764010847e-01

-4.0625000000000000e-01 3.4301519413619662e-02 1.4948772695694355e+00 3.3070835764010847e-01
-3.7500000000000000e-01 3.6857914322580662e-02 1.4565531147286093e+00 3.0665168896823269e-01

1.2500000000000000e-01 5.9986116202980007e-02 9.6225932618818388e-01 6.4689237059999073e-04
1.5625000000000000e-01 5.9994782454561330e-02 9.6163132532438811e-01 2.4689991535258276e-04

1.5625000000000000e-01 5.9994782454561330e-02 9.6163132532438811e-01 2.4689991535258276e-04
1.8750000000000000e-01 5.9998039240887494e-02 9.6139532192590771e-01 9.4234482812760318e-05

-1.7500000000000000e+00 -3.8390492967952744e-02 2.4097832975441285e+00 9.1036422565616659e-01
-1.7187500000000000e+00 -3.7714708576440673e-02 2.4022836198390856e+00 9.0557564408594560e-01

-1.7187500000000000e+00 -3.7714708576440673e-02 2.4022836198390856e+00 9.0557564408594560e-01
-1.6875000000000000e+00 -3.7005513498559107e-02 2.3943982805181259e+00 9.0054144235287026e-01

-1.6875000000000000e+00 -3.7005513498559107e-02 2.3943982805181259e+00 9.0054144235287026e-01
-1.6562500000000000e+00 -3.6261490424163524e-02 2.3861092190537097e+00 8.9525018672213819e-01

-1.6562500000000000e+00 -3.6261490424163524e-02 2.3861092190537097e+00 8.9525018672213819e-01
-1.6250000000000000e+00 -3.5481188735505854e-02 2.3773977373197948e+00 8.8969004761702353e-01

-1.8125000000000000e+00 -3.9647320225360418e-02 2.4236947297123321e+00 9.1924828315959306e-01
-1.7812500000000000e+00 -3.9034248574146266e-02 2.4169147371239856e+00 9.1491822435822368e-01

-1.7812500000000000e+00 -3.9034248574146266e-02 2.4169147371239856e+00 9.1491822435822368e-01
-1.7500000000000000e+00 -3.8390492967952744e-02 2.4097832975441285e+00 9.1036422565616659e-01

-1.9375000000000000e+00 -4.1818310906170178e-02 2.4476149031083652e+00 9.3452875547325642e-01
-1.9062500000000000e+00 -4.1315300887566055e-02 2.4420847476641590e+00 9.3099550675572662e-01

-1.9062500000000000e+00 -4.1315300887566055e-02 2.4420847476641590e+00 9.3099550675572662e-01
-1.8750000000000000e+00 -4.0786598626687313e-02 2.4362644473214763e+00 9.2727722159397097e-01

-1.8750000000000000e+00 -4.0786598626687313e-02 2.4362644473214763e+00 9.2727722159397097e-01
-1.8437500000000000e+00 -4.0231014439621647e-02 2.4301394441925801e+00 9.2336465635249820e-01

-1.8437500000000000e+00 -4.0231014439621647e-02 2.4301394441925801e+00 9.2336465635249820e-01
-1.8125000000000000e+00 -3.9647320225360418e-02 2.4236947297123321e+00 9.1924828315959306e-01

-2.0000000000000000e+00 -4.2751848382355316e-02 2.4578629581238864e+00 9.4107701516763786e-01
-1.9687500000000000e+00 -4.2296783403303236e-02 2.4528693047875043e+00 9.3788609812983392e-01

-1.9687500000000000e+00 -4.2296783403303236e-02 2.4528693047875043e+00 9.3788609812983392e-01
-1.9375000000000000e+00 -4.1818310906170178e-02 2.4476149031083652e+00 9.3452875547325642e-01

-2.5000000000000000e-01 4.6601011191695074e-02 1.3008279976088528e+00 2.0919636811654860e-01
-2.1875000000000000e-01 4.8843645200372175e-02 1.2618266335049237e+00 1.8487900983939212e-01

-2.1875000000000000e-01 4.8843645200372175e-02 1.2618266335049237e+00 1.8487900983939212e-01
-1.8750000000000000e-01 5.0968671711946460e-02 1.2230139410517606e+00 1.6072876270538444e-01

-2.0625000000000000e+00 -4.3596379094899822e-02 2.4671481608113615e+00 9.4700915460777435e-01
-2.0312500000000000e+00 -4.3184640157274301e-02 2.4626136649135697e+00 9.4411261210511466e-01

-2.0312500000000000e+00 -4.3184640157274301e-02 2.4626136649135697e+00 9.4411261210511466e-01
-2.0000000000000000e+00 -4.2751848382355316e-02 2.4578629581238864e+00 9.4107701516763786e-01

-3.1250000000000000e-02 5.8774489938845507e-02 1.0355539129493045e+00 4.5228637927276390e-02
-1.5625000000000000e-02 5.9169561101966445e-02 1.0176772524188007e+00 3.4377369813855252e-02

-8.7500000000000000e-01 -2.0862091953749969e-03 1.9845764435857287e+00 6.3980377061701299e-01
-8.5937500000000000e-01 -1.0345889322403040e-03 1.9714838067955838e+00 6.3150359858274818e-01

-8.5937500000000000e-01 -1.0345889322403040e-03 1.9714838067955838e+00 6.3150359858274818e-01
-8.4375000000000000e-01 3.1884166939124425e-05 1.9581543219293236e+00 6.2305520034704298e-01

-8.4375000000000000e-01 3.1884166939124425e-05 1.9581543219293236e+00 6.2305520034704298e-01
-8.2812500000000000e-01 1.1130205038345363e-03 1.9445873835071166e+00 6.1445830115092226e-01

-8.2812500000000000e-01 1.1130205038345363e-03 1.9445873835071166e+00 6.1445830115092226e-01
-8.1250000000000000e-01 2.2086048399441497e-03 1.9307826220273803e+00 6.0571277881967212e-01

-8.1250000000000000e-01 2.2086048399441497e-03 1.9307826220273803e+00 6.0571277881967212e-01
-7.9687500000000000e-01 3.3183952748460661e-03 1.9167399181318594e+00 5.9681867268380406e-01

-7.9687500000000000e-01 3.3183952748460661e-03 1.9167399181318594e+00 5.9681867268380406e-01
-7.8125000000000000e-01 4.4421222192338261e-03 1.9024594170605709e+00 5.8777619267564574e-01

9.3750000000000000e-02 5.9965040726746820e-02 9.6378656252162331e-01 1.6078113436062207e-03
1.0937500000000000e-01 5.9977968943836425e-02 9.6284971813443687e-01 1.0198435626479565e-03

1.0937500000000000e-01 5.9977968943836425e-02 9.6284971813443687e-01 1.0198435626479565e-03
1.2500000000000000e-01 5.9986116202980007e-02 9.6225932618818388e-01 6.4689237059999073e-04

-9.3750000000000000e-01 -6.1412107342681274e-03 2.0345981135836042e+00 6.7153254980976673e-01
-9.2187500000000000e-01 -5.1504203330917939e-03 2.0224425717404810e+00 6.6381978413380338e-01

-9.2187500000000000e-01 -5.1504203330917939e-03 2.0224425717404810e+00 6.6381978413380338e-01
-9.0625000000000000e-01 -4.1442549394644472e-03 2.0100546920405158e+00 6.5596124589864457e-01

-9.0625000000000000e-01 -4.1442549394644472e-03 2.0100546920405158e+00 6.5596124589864457e-01
-8.9062500000000000e-01 -3.1228116493175295e-03 1.9974330599149666e+00 6.4795613506768446e-01

-8.9062500000000000e-01 -3.1228116493175295e-03 1.9974330599149666e+00 6.4795613506768446e-01
-8.7500000000000000e-01 -2.0862091953749969e-03 1.9845764435857287e+00 6.3980377061701299e-01

-7.8125000000000000e-01 4.4421222192338261e-03 1.9024594170605709e+00 5.8777619267564574e-01
-7.6562500000000000e-01 5.5794873641615821e-03 1.8879415433587501e+00 5.7858572857838486e-01

-7.6562500000000000e-01 5.5794873641615821e-03 1.8879415433587501e+00 5.7858572857838486e-01
-7.5000000000000000e-01 6.7301626477549005e-03 1.8731870157919375e+00 5.6924785940090361e-01

-7.5000000000000000e-01 6.7301626477549005e-03 1.8731870157919375e+00 5.6924785940090361e-01
-7.3437500000000000e-01 7.8937892204012337e-03 1.8581968624188592e+00 5.5976336284799555e-01

-7.3437500000000000e-01 7.8937892204012337e-03 1.8581968624188592e+00 5.5976336284799555e-01
-7.1875000000000000e-01 9.0699764091087300e-03 1.8429724357647628e+00 5.5013322485155436e-01

-7.1875000000000000e-01 9.0699764091087300e-03 1.8429724357647628e+00 5.5013322485155436e-01
-7.0312500000000000e-01 1.0258300681299378e-02 1.8275154280304029e+00 5.4035864912407372e-01

-7.0312500000000000e-01 1.0258300681299378e-02 1.8275154280304029e+00 5.4035864912407372e-01
-6.8750000000000000e-01 1.1458304607766817e-02 1.8118278862638912e+00 5.3044106669130753e-01

-1.1250000000000000e+00 -1.6821524685805972e-02 2.1630562943626122e+00 7.5313720136679041e-01
-1.1093750000000000e+00 -1.6016207907299559e-02 2.1535274550583048e+00 7.4707782705839676e-01

-1.1093750000000000e+00 -1.6016207907299559e-02 2.1535274550583048e+00 7.4707782705839676e-01
-1.0937500000000000e+00 -1.5195702186767008e-02 2.1437934625416348e+00 7.4088899466052327e-01

-1.0937500000000000e+00 -1.5195702186767008e-02 2.1437934625416348e+00 7.4088899466052327e-01
-1.0781250000000000e+00 -1.4359915659993439e-02 2.1338515427484799e+00 7.3456900582847540e-01

-1.0781250000000000e+00 -1.4359915659993439e-02 2.1338515427484799e+00 7.3456900582847540e-01
-1.0625000000000000e+00 -1.3508767690573919e-02 2.1236989869545106e+00 7.2811620643317276e-01

-1.0625000000000000e+00 -1.3508767690573919e-02 2.1236989869545106e+00 7.2811620643317276e-01
-1.0468750000000000e+00 -1.2642189608383517e-02 2.1133331584898927e+00 7.2152899089179956e-01

-1.0468750000000000e+00 -1.2642189608383517e-02 2.1133331584898927e+00 7.2152899089179956e-01
-1.0312500000000000e+00 -1.1760125476921297e-02 2.1027515002365726e+00 7.1480580698148943e-01

-1.0312500000000000e+00 -1.1760125476921297e-02 2.1027515002365726e+00 7.1480580698148943e-01
-1.0156250000000000e+00 -1.0862532887146170e-02 2.0919515427682636e+00 7.0794516105141669e-01

-1.0156250000000000e+00 -1.0862532887146170e-02 2.0919515427682636e+00 7.0794516105141669e-01
-1.0000000000000000e+00 -9.9493837760742231e-03 2.0809309130493747e+00 7.0094562358210100e-01

-1.0000000000000000e+00 -9.9493837760742231e-03 2.0809309130493747e+00 7.0094562358210100e-01
-9.8437500000000000e-01 -9.0206652687626690e-03 2.0696873436431353e+00 6.9380583506110360e-01

-9.8437500000000000e-01 -9.0206652687626690e-03 2.0696873436431353e+00 6.9380583506110360e-01
-9.6875000000000000e-01 -8.0763805424783879e-03 2.0582186823994677e+00 6.8652451215652865e-01

-9.6875000000000000e-01 -8.0763805424783879e-03 2.0582186823994677e+00 6.8652451215652865e-01
-9.5312500000000000e-01 -7.1165497119092180e-03 2.0465229026049436e+00 6.7910045417688081e-01

-9.5312500000000000e-01 -7.1165497119092180e-03 2.0465229026049436e+00 6.7910045417688081e-01
-9.3750000000000000e-01 -6.1412107342681274e-03 2.0345981135836042e+00 6.7153254980976673e-01

-6.8750000000000000e-01 1.1458304607766817e-02 1.8118278862638912e+00 5.3044106669130753e-01
-6.7187500000000000e-01 1.2669495823863258e-02 1.7959122274141848e+00 5.2038214535621818e-01

-6.7187500000000000e-01 1.2669495823863258e-02 1.7959122274141848e+00 5.2038214535621818e-01
-6.5625000000000000e-01 1.3891345987164310e-02 1.7797712531760652e+00 5.1018379904142619e-01

-6.5625000000000000e-01 1.3891345987164310e-02 1.7797712531760652e+00 5.1018379904142619e-01
-6.4062500000000000e-01 1.5123289728873725e-02 1.7634081645271189e+00 4.9984819695226224e-01

-6.4062500000000000e-01 1.5123289728873725e-02 1.7634081645271189e+00 4.9984819695226224e-01
-6.2500000000000000e-01 1.6364723595048352e-02 1.7468265758474779e+00 4.8937777249728576e-01

-6.2500000000000000e-02 5.7720074625362605e-02 1.0718556705072739e+00 6.7382048821622478e-02
-4.6875000000000000e-02 5.8288552961191883e-02 1.0536158996095137e+00 5.6233005814299922e-02

-4.6875000000000000e-02 5.8288552961191883e-02 1.0536158996095137e+00 5.6233005814299922e-02
-3.1250000000000000e-02 5.8774489938845507e-02 1.0355539129493045e+00 4.5228637927276390e-02

-1.3125000000000000e+00 -2.5346796948913983e-02 2.2625024080516276e+00 8.1643087545963722e-01
-1.2968750000000000e+00 -2.4713232851645190e-02 2.2551904435969572e+00 8.1177407109827060e-01

-1.2968750000000000e+00 -2.4713232851645190e-02 2.2551904435969572e+00 8.1177407109827060e-01
-1.2812500000000000e+00 -2.4066292428556093e-02 2.2477150405772446e+00 8.0701345772595656e-01

-1.2812500000000000e+00 -2.4066292428556093e-02 2.2477150405772446e+00 8.0701345772595656e-01
-1.2656250000000000e+00 -2.3405769019407479e-02 2.2400708661070015e+00 8.0214580307653116e-01

-1.2656250000000000e+00 -2.3405769019407479e-02 2.2400708661070015e+00 8.0214580307653116e-01
-1.2500000000000000e+00 -2.2731471702195864e-02 2.2322534625022348e+00 7.9716838178685001e-01

-1.2500000000000000e+00 -2.2731471702195864e-02 2.2322534625022348e+00 7.9716838178685001e-01
-1.2343750000000000e+00 -2.2043221267323058e-02 2.2242589136861572e+00 7.9207878501416984e-01

-1.2343750000000000e+00 -2.2043221267323058e-02 2.2242589136861572e+00 7.9207878501416984e-01
-1.2187500000000000e+00 -2.1340847940500198e-02 2.2160836414999490e+00 7.8687480365127704e-01

-1.2187500000000000e+00 -2.1340847940500198e-02 2.2160836414999490e+00 7.8687480365127704e-01
-1.2031250000000000e+00 -2.0624190191460227e-02 2.2077242821264678e+00 7.8155435718493549e-01

-1.2031250000000000e+00 -2.0624190191460227e-02 2.2077242821264678e+00 7.8155435718493549e-01
-1.1875000000000000e+00 -1.9893094220292812e-02 2.1991776119527096e+00 7.7611545088559708e-01

-1.1875000000000000e+00 -1.9893094220292812e-02 2.1991776119527096e+00 7.7611545088559708e-01
-1.1718750000000000e+00 -1.9147413870281026e-02 2.1904405040030741e+00 7.7055615062276017e-01

-1.1718750000000000e+00 -1.9147413870281026e-02 2.1904405040030741e+00 7.7055615062276017e-01
-1.1562500000000000e+00 -1.8387010812603594e-02 2.1815099033137915e+00 7.6487456867071946e-01

-1.1562500000000000e+00 -1.8387010812603594e-02 2.1815099033137915e+00 7.6487456867071946e-01
-1.1406250000000000e+00 -1.7611754907855118e-02 2.1723828141078170e+00 7.5906885640797539e-01

-1.1406250000000000e+00 -1.7611754907855118e-02 2.1723828141078170e+00 7.5906885640797539e-01
-1.1250000000000000e+00 -1.6821524685805972e-02 2.1630562943626122e+00 7.5313720136679041e-01

-6.2500000000000000e-01 1.6364723595048352e-02 1.7468265758474779e+00 4.8937777249728576e-01
-6.0937500000000000e-01 1.7615004972287598e-02 1.7300305285214583e+00 4.7877523190871357e-01

-6.0937500000000000e-01 1.7615004972287598e-02 1.7300305285214583e+00 4.7877523190871357e-01
-5.9375000000000000e-01 1.8873450991166184e-02 1.7130245037841811e+00 4.6804356242536121e-01

-5.9375000000000000e-01 1.8873450991166184e-02 1.7130245037841811e+00 4.6804356242536121e-01
-5.7812500000000000e-01 2.0139337397743318e-02 1.6958134349247531e+00 4.5718604010796321e-01

-5.7812500000000000e-01 2.0139337397743318e-02 1.6958134349247531e+00 4.5718604010796321e-01
-5.6250000000000000e-01 2.1411897383066755e-02 1.6784027183977241e+00 4.4620623702624840e-01

-5.6250000000000000e-01 2.1411897383066755e-02 1.6784027183977241e+00 4.4620623702624840e-01
-5.4687500000000000e-01 2.2690320356204288e-02 1.6607982238499306e+00 4.3510802782800417e-01

-5.4687500000000000e-01 2.2690320356204288e-02 1.6607982238499306e+00 4.3510802782800417e-01
-5.3125000000000000e-01 2.3973750644023704e-02 1.6430063028743480e+00 4.2389559558567075e-01

-5.3125000000000000e-01 2.3973750644023704e-02 1.6430063028743480e+00 4.2389559558567075e-01
-5.1562500000000000e-01 2.5261286097836511e-02 1.6250337962709072e+00 4.1257343679951491e-01

-5.1562500000000000e-01 2.5261286097836511e-02 1.6250337962709072e+00 4.1257343679951491e-01
-5.0000000000000000e-01 2.6551976582384840e-02 1.6068880396605063e+00 4.0114636547665755e-01

-1.2500000000000000e-01 5.4760253533272234e-02 1.1463972229341515e+00 1.1324284648524287e-01
-1.0937500000000000e-01 5.5590799652395669e-02 1.1275472104026485e+00 1.0160727143234981e-01

-1.0937500000000000e-01 5.5590799652395669e-02 1.1275472104026485e+00 1.0160727143234981e-01
-9.3750000000000000e-02 5.6364752320215233e-02 1.1088320314510056e+00 9.0078591288158316e-02

-9.3750000000000000e-02 5.6364752320215233e-02 1.1088320314510056e+00 9.0078591288158316e-02
-7.8125000000000000e-02 5.7076552036376162e-02 1.0902644043806460e+00 7.8666973204037788e-02

-7.8125000000000000e-02 5.7076552036376162e-02 1.0902644043806460e+00 7.8666973204037788e-02
-6.2500000000000000e-02 5.7720074625362605e-02 1.0718556705072739e+00 6.7382048821622478e-02

-1.5625000000000000e-02 5.9169561101966445e-02 1.0176772524188007e+00 3.4377369813855252e-02
-7.8125000000000000e-03 5.9330497347552122e-02 1.0088141670556749e+00 2.9013738797508747e-02

6.2500000000000000e-02 5.9913035254476631e-02 9.6755514182087798e-01 3.9498686703848098e-03
7.0312500000000000e-02 5.9930753471537111e-02 9.6627119062627709e-01 3.1549738551828821e-03

7.0312500000000000e-02 5.9930753471537111e-02 9.6627119062627709e-01 3.1549738551828821e-03
7.8125000000000000e-02 5.9944861773475959e-02 9.6524883180349319e-01 2.5200483501794106e-03

7.8125000000000000e-02 5.9944861773475959e-02 9.6524883180349319e-01 2.5200483501794106e-03
8.5937500000000000e-02 5.9956095646095962e-02 9.6443476848196008e-01 2.0128989848785537e-03

8.5937500000000000e-02 5.9956095646095962e-02 9.6443476848196008e-01 2.0128989848785537e-03
9.3750000000000000e-02 5.9965040726746820e-02 9.6378656252162331e-01 1.6078113436062207e-03

-7.8125000000000000e-03 5.9330497347552122e-02 1.0088141670556749e+00 2.9013738797508747e-02
-3.9062500000000000e-03 5.9401256465477191e-02 1.0044010636508864e+00 2.6347473505923910e-02

-3.9062500000000000e-03 5.9401256465477191e-02 1.0044010636508864e+00 2.6347473505923910e-02
0.0000000000000000e+00 5.9465302445198327e-02 1.0000000000000000e+00 2.3691540396780352e-02

2.3437500000000000e-02 5.9729311438865521e-02 9.8086867391324828e-01 1.2105484932287271e-02
2.7343750000000000e-02 5.9758366468947340e-02 9.7876320588872112e-01 1.0822864918653651e-02

2.7343750000000000e-02 5.9758366468947340e-02 9.7876320588872112e-01 1.0822864918653651e-02
3.1250000000000000e-02 5.9784302799901448e-02 9.7688373310099086e-01 9.6761431451182819e-03

3.1250000000000000e-02 5.9784302799901448e-02 9.7688373310099086e-01 9.6761431451182819e-03
3.5156250000000000e-02 5.9807455186669793e-02 9.7520599783225781e-01 8.6509207005112665e-03

3.5156250000000000e-02 5.9807455186669793e-02 9.7520599783225781e-01 8.6509207005112665e-03
3.9062500000000000e-02 5.9828122452052324e-02 9.7370834612278334e-01 7.7343242904952449e-03

3.9062500000000000e-02 5.9828122452052324e-02 9.7370834612278334e-01 7.7343242904952449e-03
4.2968750000000000e-02 5.9846571343658034e-02 9.7237144829047373e-01 6.9148445929320870e-03

4.2968750000000000e-02 5.9846571343658034e-02 9.7237144829047373e-01 6.9148445929320870e-03
4.6875000000000000e-02 5.9863039976842530e-02 9.7117804944915165e-01 6.1821917400843480e-03

4.6875000000000000e-02 5.9863039976842530e-02 9.7117804944915165e-01 6.1821917400843480e-03
5.0781250000000000e-02 5.9877740908076703e-02 9.7011274680223003e-01 5.5271661110215201e-03

5.0781250000000000e-02 5.9877740908076703e-02 9.7011274680223003e-01 5.5271661110215201e-03
5.4687500000000000e-02 5.9890863878403887e-02 9.6916179085476539e-01 4.9415428222320673e-03

5.4687500000000000e-02 5.9890863878403887e-02 9.6916179085476539e-01 4.9415428222320673e-03
5.8593750000000000e-02 5.9902578262440526e-02 9.6831290794229330e-01 4.4179684445362199e-03

5.8593750000000000e-02 5.9902578262440526e-02 9.6831290794229330e-01 4.4179684445362199e-03
6.2500000000000000e-02 5.9913035254476631e-02 9.6755514182087798e-01 3.9498686703848098e-03

0.0000000000000000e+00 5.9465302445198327e-02 1.0000000000000000e+00 2.3691540396780352e-02
1.9531250000000000e-03 5.9494790337208524e-02 9.9786317328835883e-01 2.2402287856198987e-02

1.9531250000000000e-03 5.9494790337208524e-02 9.9786317328835883e-01 2.2402287856198987e-02
3.9062500000000000e-03 5.9522652003380062e-02 9.9584418941212371e-01 2.1183194202872953e-02

3.9062500000000000e-03 5.9522652003380062e-02 9.9584418941212371e-01 2.1183194202872953e-02
5.8593750000000000e-03 5.9548977128978581e-02 9.9393654951244836e-01 2.0030441511842120e-02

5.8593750000000000e-03 5.9548977128978581e-02 9.9393654951244836e-01 2.0030441511842120e-02
7.8125000000000000e-03 5.9573850453118436e-02 9.9213411313304900e-01 1.8940419623000530e-02

7.8125000000000000e-03 5.9573850453118436e-02 9.9213411313304900e-01 1.8940419623000530e-02
9.7656250000000000e-03 5.9597352041550880e-02 9.9043107845481948e-01 1.7909714834893422e-02

9.7656250000000000e-03 5.9597352041550880e-02 9.9043107845481948e-01 1.7909714834893422e-02
1.1718750000000000e-02 5.9619557544406655e-02 9.8882196362048069e-01 1.6935099213778202e-02

1.1718750000000000e-02 5.9619557544406655e-02 9.8882196362048069e-01 1.6935099213778202e-02
1.3671875000000000e-02 5.9640538439723050e-02 9.8730158908914822e-01 1.6013520484467778e-02

1.3671875000000000e-02 5.9640538439723050e-02 9.8730158908914822e-01 1.6013520484467778e-02
1.5625000000000000e-02 5.9660362263539518e-02 9.8586506096402127e-01 1.5142092471296657e-02

1.5625000000000000e-02 5.9660362263539518e-02 9.8586506096402127e-01 1.5142092471296657e-02
1.7578125000000000e-02 5.9679092827303701e-02 9.8450775523837752e-01 1.4318086058594318e-02

1.7578125000000000e-02 5.9679092827303701e-02 9.8450775523837752e-01 1.4318086058594318e-02
1.9531250000000000e-02 5.9696790423281534e-02 9.8322530291505417e-01 1.3538920645837449e-02

1.9531250000000000e-02 5.9696790423281534e-02 9.8322530291505417e-01 1.3538920645837449e-02
2.1484375000000000e-02 5.9713512018647885e-02 9.8201357593955052e-01 1.2802156063648717e-02

2.1484375000000000e-02 5.9713512018647885e-02 9.8201357593955052e-01 1.2802156063648717e-02
2.3437500000000000e-02 5.9729311438865521e-02 9.8086867391324828e-01 1.2105484932287271e-02

