-5.0000000000000000e+01 -1.0000000000000001e-01 2.5499999999999998e+00 1.0000000000000000e+00
-4.9500000000000000e+01 -1.0000000000000001e-01 2.5499999999999998e+00 1.0000000000000000e+00

-4.9500000000000000e+01 -1.0000000000000001e-01 2.5499999999999998e+00 1.0000000000000000e+00
-4.9000000000000000e+01 -1.0000000000000001e-01 2.5499999999999998e+00 1.0000000000000000e+00

-4.9000000000000000e+01 -1.0000000000000001e-01 2.5499999999999998e+00 1.0000000000000000e+00
-4.8500000000000000e+01 -1.0000000000000001e-01 2.5499999999999998e+00 1.0000000000000000e+00

-4.8500000000000000e+01 -1.0000000000000001e-01 2.5499999999999998e+00 1.0000000000000000e+00
-4.8000000000000000e+01 -1.0000000000000001e-01 2.5499999999999998e+00 1.0000000000000000e+00

-4.8000000000000000e+01 -1.0000000000000001e-01 2.5499999999999998e+00 1.0000000000000000e+00
-4.7500000000000000e+01 -1.0000000000000001e-01 2.5499999999999998e+00 1.0000000000000000e+00

-4.7500000000000000e+01 -1.0000000000000001e-01 2.5499999999999998e+00 1.0000000000000000e+00
-4.7000000000000000e+01 -1.0000000000000001e-01 2.5499999999999998e+00 1.0000000000000000e+00

-4.7000000000000000e+01 -1.0000000000000001e-01 2.5499999999999998e+00 1.0000000000000000e+00
-4.6500000000000000e+01 -1.0000000000000001e-01 2.5499999999999998e+00 1.0000000000000000e+00

-4.6500000000000000e+01 -1.0000000000000001e-01 2.5499999999999998e+00 1.0000000000000000e+00
-4.6000000000000000e+01 -1.0000000000000001e-01 2.5499999999999998e+00 1.0000000000000000e+00

-4.6000000000000000e+01 -1.0000000000000001e-01 2.5499999999999998e+00 1.0000000000000000e+00
-4.5500000000000000e+01 -1.0000000000000001e-01 2.5499999999999998e+00 1.0000000000000000e+00

-4.5500000000000000e+01 -1.0000000000000001e-01 2.5499999999999998e+00 1.0000000000000000e+00
-4.5000000000000000e+01 -1.0000000000000001e-01 2.5499999999999998e+00 1.0000000000000000e+00

-4.5000000000000000e+01 -1.0000000000000001e-01 2.5499999999999998e+00 1.0000000000000000e+00
-4.4500000000000000e+01 -1.0000000000000001e-01 2.5499999999999998e+00 1.0000000000000000e+00

-4.4500000000000000e+01 -1.0000000000000001e-01 2.5499999999999998e+00 1.0000000000000000e+00
-4.4000000000000000e+01 -1.0000000000000001e-01 2.5499999999999998e+00 1.0000000000000000e+00

-4.4000000000000000e+01 -1.0000000000000001e-01 2.5499999999999998e+00 1.0000000000000000e+00
-4.3500000000000000e+01 -1.0000000000000001e-01 2.5499999999999998e+00 1.0000000000000000e+00

-4.3500000000000000e+01 -1.0000000000000001e-01 2.5499999999999998e+00 1.0000000000000000e+00
-4.3000000000000000e+01 -1.0000000000000001e-01 2.5499999999999998e+00 1.0000000000000000e+00

-4.3000000000000000e+01 -1.0000000000000001e-01 2.5499999999999998e+00 1.0000000000000000e+00
-4.2500000000000000e+01 -1.0000000000000001e-01 2.5499999999999998e+00 1.0000000000000000e+00

-4.2500000000000000e+01 -1.0000000000000001e-01 2.5499999999999998e+00 1.0000000000000000e+00
-4.2000000000000000e+01 -1.0000000000000001e-01 2.5499999999999998e+00 1.0000000000000000e+00

-4.2000000000000000e+01 -1.0000000000000001e-01 2.5499999999999998e+00 1.0000000000000000e+00
-4.1500000000000000e+01 -1.0000000000000001e-01 2.5499999999999998e+00 1.0000000000000000e+00

-4.1500000000000000e+01 -1.0000000000000001e-01 2.5499999999999998e+00 1.0000000000000000e+00
-4.1000000000000000e+01 -1.0000000000000001e-01 2.5499999999999998e+00 1.0000000000000000e+00

-4.1000000000000000e+01 -1.0000000000000001e-01 2.5499999999999998e+00 1.0000000000000000e+00
-4.0500000000000000e+01 -1.0000000000000001e-01 2.5499999999999998e+00 1.0000000000000000e+00

-4.0500000000000000e+01 -1.0000000000000001e-01 2.5499999999999998e+00 1.0000000000000000e+00
-4.0000000000000000e+01 -1.0000000000000001e-01 2.5499999999999998e+00 1.0000000000000000e+00

-4.0000000000000000e+01 -1.0000000000000001e-01 2.5499999999999998e+00 1.0000000000000000e+00
-3.9500000000000000e+01 -1.0000000000000001e-01 2.5499999999999998e+00 1.0000000000000000e+00

-3.9500000000000000e+01 -1.0000000000000001e-01 2.5499999999999998e+00 1.0000000000000000e+00
-3.9000000000000000e+01 -1.0000000000000001e-01 2.5499999999999998e+00 1.0000000000000000e+00

-3.9000000000000000e+01 -1.0000000000000001e-01 2.5499999999999998e+00 1.0000000000000000e+00
-3.8500000000000000e+01 -1.0000000000000001e-01 2.5499999999999998e+00 1.0000000000000000e+00

-3.8500000000000000e+01 -1.0000000000000001e-01 2.5499999999999998e+00 1.0000000000000000e+00
-3.8000000000000000e+01 -1.0000000000000001e-01 2.5499999999999998e+00 1.0000000000000000e+00

-3.8000000000000000e+01 -1.0000000000000001e-01 2.5499999999999998e+00 1.0000000000000000e+00
-3.7500000000000000e+01 -1.0000000000000001e-01 2.5499999999999998e+00 1.0000000000000000e+00

-3.7500000000000000e+01 -1.0000000000000001e-01 2.5499999999999998e+00 1.0000000000000000e+00
-3.7000000000000000e+01 -1.0000000000000001e-01 2.5499999999999998e+00 1.0000000000000000e+00

-3.7000000000000000e+01 -1.0000000000000001e-01 2.5499999999999998e+00 1.0000000000000000e+00
-3.6500000000000000e+01 -1.0000000000000001e-01 2.5499999999999998e+00 1.0000000000000000e+00

-3.6500000000000000e+01 -1.0000000000000001e-01 2.5499999999999998e+00 1.0000000000000000e+00
-3.6000000000000000e+01 -1.0000000000000001e-01 2.5499999999999998e+00 1.0000000000000000e+00

-3.6000000000000000e+01 -1.0000000000000001e-01 2.5499999999999998e+00 1.0000000000000000e+00
-3.5500000000000000e+01 -1.0000000000000001e-01 2.5499999999999998e+00 1.0000000000000000e+00

-3.5500000000000000e+01 -1.0000000000000001e-01 2.5499999999999998e+00 1.0000000000000000e+00
-3.5000000000000000e+01 -1.0000000000000001e-01 2.5499999999999998e+00 1.0000000000000000e+00

-3.5000000000000000e+01 -1.0000000000000001e-01 2.5499999999999998e+00 1.0000000000000000e+00
-3.4500000000000000e+01 -1.0000000000000001e-01 2.5499999999999998e+00 1.0000000000000000e+00

-3.4500000000000000e+01 -1.0000000000000001e-01 2.5499999999999998e+00 1.0000000000000000e+00
-3.4000000000000000e+01 -1.0000000000000001e-01 2.5499999999999998e+00 1.0000000000000000e+00

-3.4000000000000000e+01 -1.0000000000000001e-01 2.5499999999999998e+00 1.0000000000000000e+00
-3.3500000000000000e+01 -1.0000000000000001e-01 2.5499999999999998e+00 1.0000000000000000e+00

-3.3500000000000000e+01 -1.0000000000000001e-01 2.5499999999999998e+00 1.0000000000000000e+00
-3.3000000000000000e+01 -1.0000000000000001e-01 2.5499999999999998e+00 1.0000000000000000e+00

-3.3000000000000000e+01 -1.0000000000000001e-01 2.5499999999999998e+00 1.0000000000000000e+00
-3.2500000000000000e+01 -1.0000000000000001e-01 2.5499999999999998e+00 1.0000000000000000e+00

-3.2500000000000000e+01 -1.0000000000000001e-01 2.5499999999999998e+00 1.0000000000000000e+00
-3.2000000000000000e+01 -1.0000000000000001e-01 2.5499999999999998e+00 1.0000000000000000e+00

-3.2000000000000000e+01 -1.0000000000000001e-01 2.5499999999999998e+00 1.0000000000000000e+00
-3.1500000000000000e+01 -1.0000000000000001e-01 2.5499999999999998e+00 1.0000000000000000e+00

-3.1500000000000000e+01 -1.0000000000000001e-01 2.5499999999999998e+00 1.0000000000000000e+00
-3.1000000000000000e+01 -1.0000000000000001e-01 2.5499999999999998e+00 1.0000000000000000e+00

-3.1000000000000000e+01 -1.0000000000000001e-01 2.5499999999999998e+00 1.0000000000000000e+00
-3.0500000000000000e+01 -1.0000000000000001e-01 2.5499999999999998e+00 1.0000000000000000e+00

-3.0500000000000000e+01 -1.0000000000000001e-01 2.5499999999999998e+00 1.0000000000000000e+00
-3.0000000000000000e+01 -1.0000000000000001e-01 2.5499999999999998e+00 1.0000000000000000e+00

-3.0000000000000000e+01 -1.0000000000000001e-01 2.5499999999999998e+00 1.0000000000000000e+00
-2.9500000000000000e+01 -1.0000000000000001e-01 2.5499999999999998e+00 1.0000000000000000e+00

-2.9500000000000000e+01 -1.0000000000000001e-01 2.5499999999999998e+00 1.0000000000000000e+00
-2.9000000000000000e+01 -1.0000000000000001e-01 2.5499999999999998e+00 1.0000000000000000e+00

-2.9000000000000000e+01 -1.0000000000000001e-01 2.5499999999999998e+00 1.0000000000000000e+00
-2.8500000000000000e+01 -1.0000000000000001e-01 2.5499999999999998e+00 1.0000000000000000e+00

-2.8500000000000000e+01 -1.0000000000000001e-01 2.5499999999999998e+00 1.0000000000000000e+00
-2.8000000000000000e+01 -1.0000000000000001e-01 2.5499999999999998e+00 1.0000000000000000e+00

-2.8000000000000000e+01 -1.0000000000000001e-01 2.5499999999999998e+00 1.0000000000000000e+00
-2.7500000000000000e+01 -1.0000000000000001e-01 2.5499999999999998e+00 1.0000000000000000e+00

-2.7500000000000000e+01 -1.0000000000000001e-01 2.5499999999999998e+00 1.0000000000000000e+00
-2.7000000000000000e+01 -1.0000000000000001e-01 2.5499999999999998e+00 1.0000000000000000e+00

-2.7000000000000000e+01 -1.0000000000000001e-01 2.5499999999999998e+00 1.0000000000000000e+00
-2.6500000000000000e+01 -1.0000000000000001e-01 2.5499999999999998e+00 1.0000000000000000e+00

-2.6500000000000000e+01 -1.0000000000000001e-01 2.5499999999999998e+00 1.0000000000000000e+00
-2.6000000000000000e+01 -1.0000000000000001e-01 2.5499999999999998e+00 1.0000000000000000e+00

-2.6000000000000000e+01 -1.0000000000000001e-01 2.5499999999999998e+00 1.0000000000000000e+00
-2.5500000000000000e+01 -1.0000000000000001e-01 2.5499999999999998e+00 1.0000000000000000e+00

-2.5500000000000000e+01 -1.0000000000000001e-01 2.5499999999999998e+00 1.0000000000000000e+00
-2.5000000000000000e+01 -1.0000000000000001e-01 2.5499999999999998e+00 1.0000000000000000e+00

-2.5000000000000000e+01 -1.0000000000000001e-01 2.5499999999999998e+00 1.0000000000000000e+00
-2.4500000000000000e+01 -1.0000000000000001e-01 2.5499999999999998e+00 1.0000000000000000e+00

-2.4500000000000000e+01 -1.0000000000000001e-01 2.5499999999999998e+00 1.0000000000000000e+00
-2.4000000000000000e+01 -1.0000000000000001e-01 2.5499999999999998e+00 1.0000000000000000e+00

-2.4000000000000000e+01 -1.0000000000000001e-01 2.5499999999999998e+00 1.0000000000000000e+00
-2.3500000000000000e+01 -1.0000000000000001e-01 2.5499999999999998e+00 1.0000000000000000e+00

-2.3500000000000000e+01 -1.0000000000000001e-01 2.5499999999999998e+00 1.0000000000000000e+00
-2.3000000000000000e+01 -1.0000000000000001e-01 2.5499999999999998e+00 1.0000000000000000e+00

-2.3000000000000000e+01 -1.0000000000000001e-01 2.5499999999999998e+00 1.0000000000000000e+00
-2.2500000000000000e+01 -1.0000000000000001e-01 2.5499999999999998e+00 1.0000000000000000e+00

-2.2500000000000000e+01 -1.0000000000000001e-01 2.5499999999999998e+00 1.0000000000000000e+00
-2.2000000000000000e+01 -1.0000000000000001e-01 2.5499999999999998e+00 1.0000000000000000e+00

-2.2000000000000000e+01 -1.0000000000000001e-01 2.5499999999999998e+00 1.0000000000000000e+00
-2.1500000000000000e+01 -1.0000000000000001e-01 2.5499999999999998e+00 1.0000000000000000e+00

-2.1500000000000000e+01 -1.0000000000000001e-01 2.5499999999999998e+00 1.0000000000000000e+00
-2.1000000000000000e+01 -1.0000000000000001e-01 2.5499999999999998e+00 1.0000000000000000e+00

-2.1000000000000000e+01 -1.0000000000000001e-01 2.5499999999999998e+00 1.0000000000000000e+00
-2.0500000000000000e+01 -1.0000000000000001e-01 2.5499999999999998e+00 1.0000000000000000e+00

-2.0500000000000000e+01 -1.0000000000000001e-01 2.5499999999999998e+00 1.0000000000000000e+00
-2.0000000000000000e+01 -1.0000000000000001e-01 2.5499999999999998e+00 1.0000000000000000e+00

-2.0000000000000000e+01 -1.0000000000000001e-01 2.5499999999999998e+00 1.0000000000000000e+00
-1.9500000000000000e+01 -1.0000000000000001e-01 2.5499999999999998e+00 1.0000000000000000e+00

-1.9500000000000000e+01 -1.0000000000000001e-01 2.5499999999999998e+00 1.0000000000000000e+00
-1.9000000000000000e+01 -1.0000000000000001e-01 2.5499999999999998e+00 1.0000000000000000e+00

-1.9000000000000000e+01 -1.0000000000000001e-01 2.5499999999999998e+00 1.0000000000000000e+00
-1.8500000000000000e+01 -1.0000000000000001e-01 2.5499999999999998e+00 1.0000000000000000e+00

-1.8500000000000000e+01 -1.0000000000000001e-01 2.5499999999999998e+00 1.0000000000000000e+00
-1.8000000000000000e+01 -1.0000000000000001e-01 2.5499999999999998e+00 1.0000000000000000e+00

-1.8000000000000000e+01 -1.0000000000000001e-01 2.5499999999999998e+00 1.0000000000000000e+00
-1.7500000000000000e+01 -1.0000000000000001e-01 2.5499999999999998e+00 1.0000000000000000e+00

-1.7500000000000000e+01 -1.0000000000000001e-01 2.5499999999999998e+00 1.0000000000000000e+00
-1.7000000000000000e+01 -1.0000000000000001e-01 2.5499999999999998e+00 1.0000000000000000e+00

-1.7000000000000000e+01 -1.0000000000000001e-01 2.5499999999999998e+00 1.0000000000000000e+00
-1.6500000000000000e+01 -1.0000000000000001e-01 2.5499999999999998e+00 1.0000000000000000e+00

-1.6500000000000000e+01 -1.0000000000000001e-01 2.5499999999999998e+00 1.0000000000000000e+00
-1.6000000000000000e+01 -1.0000000000000001e-01 2.5499999999999998e+00 1.0000000000000000e+00

-1.6000000000000000e+01 -1.0000000000000001e-01 2.5499999999999998e+00 1.0000000000000000e+00
-1.5500000000000000e+01 -1.0000000000000001e-01 2.5499999999999998e+00 1.0000000000000000e+00

-1.5500000000000000e+01 -1.0000000000000001e-01 2.5499999999999998e+00 1.0000000000000000e+00
-1.5000000000000000e+01 -1.0000000000000001e-01 2.5499999999999998e+00 1.0000000000000000e+00

-1.5000000000000000e+01 -1.0000000000000001e-01 2.5499999999999998e+00 1.0000000000000000e+00
-1.4500000000000000e+01 -1.0000000000000001e-01 2.5499999999999998e+00 1.0000000000000000e+00

-1.4500000000000000e+01 -1.0000000000000001e-01 2.5499999999999998e+00 1.0000000000000000e+00
-1.4000000000000000e+01 -1.0000000000000001e-01 2.5499999999999998e+00 1.0000000000000000e+00

-1.4000000000000000e+01 -1.0000000000000001e-01 2.5499999999999998e+00 1.0000000000000000e+00
-1.3500000000000000e+01 -1.0000000000000001e-01 2.5499999999999998e+00 1.0000000000000000e+00

-1.3500000000000000e+01 -1.0000000000000001e-01 2.5499999999999998e+00 1.0000000000000000e+00
-1.3000000000000000e+01 -1.0000000000000001e-01 2.5499999999999998e+00 1.0000000000000000e+00

-1.3000000000000000e+01 -1.0000000000000001e-01 2.5499999999999998e+00 1.0000000000000000e+00
-1.2500000000000000e+01 -1.0000000000000001e-01 2.5499999999999998e+00 1.0000000000000000e+00

-1.2500000000000000e+01 -1.0000000000000001e-01 2.5499999999999998e+00 1.0000000000000000e+00
-1.2000000000000000e+01 -1.0000000000000001e-01 2.5499999999999998e+00 1.0000000000000000e+00

-1.2000000000000000e+01 -1.0000000000000001e-01 2.5499999999999998e+00 1.0000000000000000e+00
-1.1500000000000000e+01 -1.0000000000000001e-01 2.5499999999999998e+00 1.0000000000000000e+00

-1.1500000000000000e+01 -1.0000000000000001e-01 2.5499999999999998e+00 1.0000000000000000e+00
-1.1000000000000000e+01 -1.0000000000000001e-01 2.5499999999999998e+00 1.0000000000000000e+00

-1.1000000000000000e+01 -1.0000000000000001e-01 2.5499999999999998e+00 1.0000000000000000e+00
-1.0500000000000000e+01 -1.0000000000000001e-01 2.5499999999999998e+00 1.0000000000000000e+00

-1.0500000000000000e+01 -1.0000000000000001e-01 2.5499999999999998e+00 1.0000000000000000e+00
-1.0000000000000000e+01 -1.0000000000000001e-01 2.5499999999999998e+00 1.0000000000000000e+00

-1.0000000000000000e+01 -1.0000000000000001e-01 2.5499999999999998e+00 1.0000000000000000e+00
-9.5000000000000000e+00 -1.0000000000000001e-01 2.5499999999999998e+00 1.0000000000000000e+00

-9.5000000000000000e+00 -1.0000000000000001e-01 2.5499999999999998e+00 1.0000000000000000e+00
-9.0000000000000000e+00 -1.0000000000000001e-01 2.5499999999999998e+00 1.0000000000000000e+00

-9.0000000000000000e+00 -1.0000000000000001e-01 2.5499999999999998e+00 1.0000000000000000e+00
-8.5000000000000000e+00 -1.0000000000000001e-01 2.5499999999999998e+00 1.0000000000000000e+00

-8.5000000000000000e+00 -1.0000000000000001e-01 2.5499999999999998e+00 1.0000000000000000e+00
-8.0000000000000000e+00 -1.0000000000000001e-01 2.5499999999999998e+00 1.0000000000000000e+00

-8.0000000000000000e+00 -1.0000000000000001e-01 2.5499999999999998e+00 1.0000000000000000e+00
-7.5000000000000000e+00 -1.0000000000000001e-01 2.5499999999999998e+00 1.0000000000000000e+00

-7.5000000000000000e+00 -1.0000000000000001e-01 2.5499999999999998e+00 1.0000000000000000e+00
-7.0000000000000000e+00 -1.0000000000000001e-01 2.5499999999999998e+00 1.0000000000000000e+00

-7.0000000000000000e+00 -1.0000000000000001e-01 2.5499999999999998e+00 1.0000000000000000e+00
-6.5000000000000000e+00 -1.0000000000000001e-01 2.5499999999999998e+00 1.0000000000000000e+00

-6.5000000000000000e+00 -1.0000000000000001e-01 2.5499999999999998e+00 1.0000000000000000e+00
-6.0000000000000000e+00 -1.0000000000000001e-01 2.5499999999999998e+00 1.0000000000000000e+00

-6.0000000000000000e+00 -1.0000000000000001e-01 2.5499999999999998e+00 1.0000000000000000e+00
-5.5000000000000000e+00 -1.0000000000000001e-01 2.5499999999999998e+00 1.0000000000000000e+00

-5.5000000000000000e+00 -1.0000000000000001e-01 2.5499999999999998e+00 1.0000000000000000e+00
-5.0000000000000000e+00 -1.0000000000000001e-01 2.5499999999999998e+00 1.0000000000000000e+00

-5.0000000000000000e+00 -1.0000000000000001e-01 2.5499999999999998e+00 1.0000000000000000e+00
-4.5000000000000000e+00 -1.0000000000000001e-01 2.5499999999999998e+00 9.9999999999999978e-01

-4.5000000000000000e+00 -1.0000000000000001e-01 2.5499999999999998e+00 9.9999999999999978e-01
-4.0000000000000000e+00 -1.0000000000000001e-01 2.5499999999999998e+00 9.9999999999998512e-01

-4.0000000000000000e+00 -1.0000000000000001e-01 2.5499999999999998e+00 9.9999999999998512e-01
-3.5000000000000000e+00 -1.0000000000000001e-01 2.5499999999999998e+00 9.9999999999925893e-01

-3.5000000000000000e+00 -1.0000000000000001e-01 2.5499999999999998e+00 9.9999999999925893e-01
-3.0000000000000000e+00 -1.0000000000000001e-01 2.5499999999999998e+00 9.9999999995584055e-01

-3.0000000000000000e+00 -1.0000000000000001e-01 2.5499999999999998e+00 9.9999999995584055e-01
-2.5000000000000000e+00 -1.0000000000000001e-01 2.5499999999999998e+00 9.9999999777905424e-01

-2.5000000000000000e+00 -1.0000000000000001e-01 2.5499999999999998e+00 9.9999999777905424e-01
-2.0000000000000000e+00 -1.0000000000000001e-01 2.5499999999999998e+00 9.9999986859513057e-01

-2.0000000000000000e+00 -1.0000000000000001e-01 2.5499999999999998e+00 9.9999986859513057e-01
-1.5000000000000000e+00 -1.0000000000000001e-01 2.5499999999999998e+00 9.9999334489081126e-01

-1.5000000000000000e+00 -1.0000000000000001e-01 2.5499999999999998e+00 9.9999334489081126e-01
-1.0000000000000000e+00 -1.0000000000000001e-01 2.5499999999999998e+00 9.9960911057175772e-01

-1.0000000000000000e+00 -1.0000000000000001e-01 2.5499999999999998e+00 9.9960911057175772e-01
-5.0000000000000000e-01 -1.0000000000000001e-01 2.5499999999999998e+00 9.8006033816504345e-01

-5.0000000000000000e-01 -1.0000000000000001e-01 2.5499999999999998e+00 9.8006033816504345e-01
0.0000000000000000e+00 -5.4285714285710884e-02 1.0000000000000000e+00 1.9932805703510217e-01

0.0000000000000000e+00 -5.4285714285710884e-02 1.0000000000000000e+00 1.9932805703510217e-01
5.0000000000000000e-01 5.9999999999999998e-02 9.0000000000000002e-01 0.0000000000000000e+00

5.0000000000000000e-01 5.9999999999999998e-02 9.0000000000000002e-01 0.0000000000000000e+00
1.0000000000000000e+00 5.9999999999999998e-02 9.0000000000000002e-01 0.0000000000000000e+00

1.0000000000000000e+00 5.9999999999999998e-02 9.0000000000000002e-01 0.0000000000000000e+00
1.5000000000000000e+00 5.9999999999999998e-02 9.0000000000000002e-01 0.0000000000000000e+00

1.5000000000000000e+00 5.9999999999999998e-02 9.0000000000000002e-01 0.0000000000000000e+00
2.0000000000000000e+00 5.9999999999999998e-02 9.0000000000000002e-01 0.0000000000000000e+00

2.0000000000000000e+00 5.9999999999999998e-02 9.0000000000000002e-01 0.0000000000000000e+00
2.5000000000000000e+00 5.9999999999999998e-02 9.0000000000000002e-01 0.0000000000000000e+00

2.5000000000000000e+00 5.9999999999999998e-02 9.0000000000000002e-01 0.0000000000000000e+00
3.0000000000000000e+00 5.9999999999999998e-02 9.0000000000000002e-01 0.0000000000000000e+00

3.0000000000000000e+00 5.9999999999999998e-02 9.0000000000000002e-01 0.0000000000000000e+00
3.5000000000000000e+00 5.9999999999999998e-02 9.0000000000000002e-01 0.0000000000000000e+00

3.5000000000000000e+00 5.9999999999999998e-02 9.0000000000000002e-01 0.0000000000000000e+00
4.0000000000000000e+00 5.9999999999999998e-02 9.0000000000000002e-01 0.0000000000000000e+00

4.0000000000000000e+00 5.9999999999999998e-02 9.0000000000000002e-01 0.0000000000000000e+00
4.5000000000000000e+00 5.9999999999999998e-02 9.0000000000000002e-01 0.0000000000000000e+00

4.5000000000000000e+00 5.9999999999999998e-02 9.0000000000000002e-01 0.0000000000000000e+00
5.0000000000000000e+00 5.9999999999999998e-02 9.0000000000000002e-01 0.0000000000000000e+00

5.0000000000000000e+00 5.9999999999999998e-02 9.0000000000000002e-01 0.0000000000000000e+00
5.5000000000000000e+00 5.9999999999999998e-02 9.0000000000000002e-01 0.0000000000000000e+00

5.5000000000000000e+00 5.9999999999999998e-02 9.0000000000000002e-01 0.0000000000000000e+00
6.0000000000000000e+00 5.9999999999999998e-02 9.0000000000000002e-01 0.0000000000000000e+00

6.0000000000000000e+00 5.9999999999999998e-02 9.0000000000000002e-01 0.0000000000000000e+00
6.5000000000000000e+00 5.9999999999999998e-02 9.0000000000000002e-01 0.0000000000000000e+00

6.5000000000000000e+00 5.9999999999999998e-02 9.0000000000000002e-01 0.0000000000000000e+00
7.0000000000000000e+00 5.9999999999999998e-02 9.0000000000000002e-01 0.0000000000000000e+00

7.0000000000000000e+00 5.9999999999999998e-02 9.0000000000000002e-01 0.0000000000000000e+00
7.5000000000000000e+00 5.9999999999999998e-02 9.0000000000000002e-01 0.0000000000000000e+00

7.5000000000000000e+00 5.9999999999999998e-02 9.0000000000000002e-01 0.0000000000000000e+00
8.0000000000000000e+00 5.9999999999999998e-02 9.0000000000000002e-01 0.0000000000000000e+00

8.0000000000000000e+00 5.9999999999999998e-02 9.0000000000000002e-01 0.0000000000000000e+00
8.5000000000000000e+00 5.9999999999999998e-02 9.0000000000000002e-01 0.0000000000000000e+00

8.5000000000000000e+00 5.9999999999999998e-02 9.0000000000000002e-01 0.0000000000000000e+00
9.0000000000000000e+00 5.9999999999999998e-02 9.0000000000000002e-01 0.0000000000000000e+00

9.0000000000000000e+00 5.9999999999999998e-02 9.0000000000000002e-01 0.0000000000000000e+00
9.5000000000000000e+00 5.9999999999999998e-02 9.0000000000000002e-01 0.0000000000000000e+00

9.5000000000000000e+00 5.9999999999999998e-02 9.0000000000000002e-01 0.0000000000000000e+00
1.0000000000000000e+01 5.9999999999999998e-02 9.0000000000000002e-01 0.0000000000000000e+00

1.0000000000000000e+01 5.9999999999999998e-02 9.0000000000000002e-01 0.0000000000000000e+00
1.0500000000000000e+01 5.9999999999999998e-02 9.0000000000000002e-01 0.0000000000000000e+00

1.0500000000000000e+01 5.9999999999999998e-02 9.0000000000000002e-01 0.0000000000000000e+00
1.1000000000000000e+01 5.9999999999999998e-02 9.0000000000000002e-01 0.0000000000000000e+00

1.1000000000000000e+01 5.9999999999999998e-02 9.0000000000000002e-01 0.0000000000000000e+00
1.1500000000000000e+01 5.9999999999999998e-02 9.0000000000000002e-01 0.0000000000000000e+00

1.1500000000000000e+01 5.9999999999999998e-02 9.0000000000000002e-01 0.0000000000000000e+00
1.2000000000000000e+01 5.9999999999999998e-02 9.0000000000000002e-01 0.0000000000000000e+00

1.2000000000000000e+01 5.9999999999999998e-02 9.0000000000000002e-01 0.0000000000000000e+00
1.2500000000000000e+01 5.9999999999999998e-02 9.0000000000000002e-01 0.0000000000000000e+00

1.2500000000000000e+01 5.9999999999999998e-02 9.0000000000000002e-01 0.0000000000000000e+00
1.3000000000000000e+01 5.9999999999999998e-02 9.0000000000000002e-01 0.0000000000000000e+00

1.3000000000000000e+01 5.9999999999999998e-02 9.0000000000000002e-01 0.0000000000000000e+00
1.3500000000000000e+01 5.9999999999999998e-02 9.0000000000000002e-01 0.0000000000000000e+00

1.3500000000000000e+01 5.9999999999999998e-02 9.0000000000000002e-01 0.0000000000000000e+00
1.4000000000000000e+01 5.9999999999999998e-02 9.0000000000000002e-01 0.0000000000000000e+00

1.4000000000000000e+01 5.9999999999999998e-02 9.0000000000000002e-01 0.0000000000000000e+00
1.4500000000000000e+01 5.9999999999999998e-02 9.0000000000000002e-01 0.0000000000000000e+00

1.4500000000000000e+01 5.9999999999999998e-02 9.0000000000000002e-01 0.0000000000000000e+00
1.5000000000000000e+01 5.9999999999999998e-02 9.0000000000000002e-01 0.0000000000000000e+00

1.5000000000000000e+01 5.9999999999999998e-02 9.0000000000000002e-01 0.0000000000000000e+00
1.5500000000000000e+01 5.9999999999999998e-02 9.0000000000000002e-01 0.0000000000000000e+00

1.5500000000000000e+01 5.9999999999999998e-02 9.0000000000000002e-01 0.0000000000000000e+00
1.6000000000000000e+01 5.9999999999999998e-02 9.0000000000000002e-01 0.0000000000000000e+00

1.6000000000000000e+01 5.9999999999999998e-02 9.0000000000000002e-01 0.0000000000000000e+00
1.6500000000000000e+01 5.9999999999999998e-02 9.0000000000000002e-01 0.0000000000000000e+00

1.6500000000000000e+01 5.9999999999999998e-02 9.0000000000000002e-01 0.0000000000000000e+00
1.7000000000000000e+01 5.9999999999999998e-02 9.0000000000000002e-01 0.0000000000000000e+00

1.7000000000000000e+01 5.9999999999999998e-02 9.0000000000000002e-01 0.0000000000000000e+00
1.7500000000000000e+01 5.9999999999999998e-02 9.0000000000000002e-01 0.0000000000000000e+00

1.7500000000000000e+01 5.9999999999999998e-02 9.0000000000000002e-01 0.0000000000000000e+00
1.8000000000000000e+01 5.9999999999999998e-02 9.0000000000000002e-01 0.0000000000000000e+00

1.8000000000000000e+01 5.9999999999999998e-02 9.0000000000000002e-01 0.0000000000000000e+00
1.8500000000000000e+01 5.9999999999999998e-02 9.0000000000000002e-01 0.0000000000000000e+00

1.8500000000000000e+01 5.9999999999999998e-02 9.0000000000000002e-01 0.0000000000000000e+00
1.9000000000000000e+01 5.9999999999999998e-02 9.0000000000000002e-01 0.0000000000000000e+00

1.9000000000000000e+01 5.9999999999999998e-02 9.0000000000000002e-01 0.0000000000000000e+00
1.9500000000000000e+01 5.9999999999999998e-02 9.0000000000000002e-01 0.0000000000000000e+00

1.9500000000000000e+01 5.9999999999999998e-02 9.0000000000000002e-01 0.0000000000000000e+00
2.0000000000000000e+01 5.9999999999999998e-02 9.0000000000000002e-01 0.0000000000000000e+00

