((-50.0 2.55)
(-49.0 2.55)
(-48.0 2.55)
(-47.0 2.55)
(-46.0 2.55)
(-45.0 2.55)
(-44.0 2.55)
(-43.0 2.55)
(-42.0 2.55)
(-41.0 2.55)
(-40.0 2.55)
(-39.0 2.55)
(-38.0 2.55)
(-37.0 2.55)
(-36.0 2.55)
(-35.0 2.55)
(-34.0 2.55)
(-33.0 2.55)
(-32.0 2.55)
(-31.0 2.55)
(-30.0 2.55)
(-29.0 2.55)
(-28.0 2.55)
(-27.0 2.55)
(-26.0 2.55)
(-25.0 2.55)
(-24.0 2.55)
(-23.0 2.55)
(-22.0 2.5499999999999994)
(-21.0 2.55)
(-20.0 2.549999999999997)
(-19.0 2.54999999999999)
(-18.0 2.549999999999931)
(-17.0 2.5499999999995935)
(-16.5 2.5499999999988776)
(-16.0 2.5499999999974197)
(-15.5 2.5499999999938048)
(-15.0 2.549999999985286)
(-14.5 2.549999999964958)
(-14.0 2.5499999999166025)
(-13.5 2.549999999801484)
(-13.0 2.549999999527491)
(-12.5 2.54999999887528)
(-12.0 2.549999997322951)
(-11.5 2.549999993627666)
(-11.0 2.5499999848330215)
(-10.5 2.5499999638958317)
(-10.0 2.5499999140718197)
(-9.5 2.549999795438109)
(-9.0 2.5499995131891717)
(-8.5 2.5499988409330547)
(-8.0 2.5499972422060435)
(-7.5 2.549993432145492)
(-7.0 2.5499843786516925)
(-6.5 2.549962778243929)
(-6.0 2.5499115321977737)
(-5.5 2.549789004505856)
(-5.0 2.549499207610852)
(-4.5 2.5488035449304456)
(-4.0 2.547168376064257)
(-3.75 2.5454083066873197)
(-3.5 2.5430536272108175)
(-3.25 2.5392627546836812)
(-3.125 2.536534736971908)
(-3.0 2.533351438787841)
(-2.875 2.5293527900253325)
(-2.75 2.524420144203793)
(-2.6875 2.521451848200203)
(-2.625 2.5182240457774037)
(-2.5625 2.514636489939375)
(-2.5 2.51064755821129)
(-2.4375 2.5062131683127062)
(-2.375 2.50128466239519)
(-2.3125 2.495808336508444)
(-2.25 2.489724986452151)
(-2.1875 2.4829694320764197)
(-2.125 2.4754700267164025)
(-2.0625 2.4671481608113615)
(-2.03125 2.4626136649135697)
(-2.0 2.4578629581238864)
(-1.96875 2.4528693047875043)
(-1.9375 2.447614903108365)
(-1.90625 2.442084747664159)
(-1.875 2.4362644473214763)
(-1.84375 2.43013944419258)
(-1.8125 2.423694729712332)
(-1.78125 2.4169147371239856)
(-1.75 2.4097832975441285)
(-1.71875 2.4022836198390856)
(-1.6875 2.394398280518126)
(-1.65625 2.3861092190537097)
(-1.625 2.3773977373197948)
(-1.59375 2.368244503030572)
(-1.5625 2.358629557518951)
(-1.53125 2.348532328395113)
(-1.5 2.3379316477391883)
(-1.46875 2.326805776568122)
(-1.4375 2.3151324363957917)
(-1.40625 2.3028888487846384)
(-1.375 2.290051783868624)
(-1.34375 2.276597618911596)
(-1.3125 2.2625024080516276)
(-1.296875 2.255190443596957)
(-1.28125 2.2477150405772446)
(-1.265625 2.2400708661070015)
(-1.25 2.2322534625022348)
(-1.234375 2.2242589136861572)
(-1.21875 2.216083641499949)
(-1.203125 2.2077242821264678)
(-1.1875 2.1991776119527096)
(-1.171875 2.190440504003074)
(-1.15625 2.1815099033137915)
(-1.140625 2.172382814107817)
(-1.125 2.163056294362612)
(-1.109375 2.153527455058305)
(-1.09375 2.143793462541635)
(-1.078125 2.13385154274848)
(-1.0625 2.1236989869545106)
(-1.046875 2.1133331584898927)
(-1.03125 2.1027515002365726)
(-1.015625 2.0919515427682636)
(-1.0 2.0809309130493747)
(-0.984375 2.0696873436431353)
(-0.96875 2.0582186823994677)
(-0.953125 2.0465229026049436)
(-0.9375 2.034598113583604)
(-0.921875 2.022442571740481)
(-0.90625 2.010054692040516)
(-0.890625 1.9974330599149666)
(-0.875 1.9845764435857287)
(-0.859375 1.9714838067955838)
(-0.84375 1.9581543219293236)
(-0.828125 1.9445873835071166)
(-0.8125 1.9307826220273803)
(-0.796875 1.9167399181318594)
(-0.78125 1.9024594170605709)
(-0.765625 1.88794154335875)
(-0.75 1.8731870157919375)
(-0.734375 1.8581968624188592)
(-0.71875 1.8429724357647628)
(-0.703125 1.827515428030403)
(-0.6875 1.8118278862638912)
(-0.671875 1.7959122274141848)
(-0.65625 1.7797712531760652)
(-0.640625 1.763408164527119)
(-0.625 1.746826575847478)
(-0.609375 1.7300305285214583)
(-0.59375 1.7130245037841811)
(-0.578125 1.6958134349247531)
(-0.5625 1.6784027183977241)
(-0.546875 1.6607982238499306)
(-0.53125 1.643006302874348)
(-0.515625 1.6250337962709072)
(-0.5 1.6068880396605063)
(-0.46875 1.5701328094632385)
(-0.4375 1.532766626760557)
(-0.40625 1.4948772695694355)
(-0.375 1.4565531147286093)
(-0.3125 1.3790212671334001)
(-0.25 1.3008279976088528)
(-0.21875 1.2618266335049237)
(-0.1875 1.2230139410517606)
(-0.15625 1.184501668338595)
(-0.125 1.1463972229341515)
(-0.109375 1.1275472104026485)
(-0.09375 1.1088320314510056)
(-0.078125 1.090264404380646)
(-0.0625 1.071855670507274)
(-0.046875 1.0536158996095137)
(-0.03125 1.0355539129493045)
(-0.015625 1.0176772524188007)
(-0.0078125 1.008814167055675)
(-0.00390625 1.0044010636508864)
(0.0 1.0)
(0.001953125 0.9978631732883588)
(0.00390625 0.9958441894121237)
(0.005859375 0.9939365495124484)
(0.0078125 0.992134113133049)
(0.009765625 0.9904310784548195)
(0.01171875 0.9888219636204807)
(0.013671875 0.9873015890891482)
(0.015625 0.9858650609640213)
(0.017578125 0.9845077552383775)
(0.01953125 0.9832253029150542)
(0.021484375 0.9820135759395505)
(0.0234375 0.9808686739132483)
(0.02734375 0.9787632058887211)
(0.03125 0.9768837331009909)
(0.03515625 0.9752059978322578)
(0.0390625 0.9737083461227833)
(0.04296875 0.9723714482904737)
(0.046875 0.9711780494491516)
(0.05078125 0.97011274680223)
(0.0546875 0.9691617908547654)
(0.05859375 0.9683129079422933)
(0.0625 0.967555141820878)
(0.0703125 0.9662711906262771)
(0.078125 0.9652488318034932)
(0.0859375 0.9644347684819601)
(0.09375 0.9637865625216233)
(0.109375 0.9628497181344369)
(0.125 0.9622593261881839)
(0.15625 0.9616313253243881)
(0.1875 0.9613953219259077)
(0.25 0.9612601335007588)
(0.3125 0.9612535701875611)
(0.375 0.9612532515429086)
(0.5 0.9612532305769563)
(0.625 0.9612532366459384)
(0.75 0.9612532348891595)
(0.875 0.9612532353976916)
(1.0 0.9612532352504876)
(1.25 0.9612532353023026)
(1.5 0.9612532352728719)
(1.75 0.9612532352895884)
(2.0 0.9612532352800934)
(2.25 0.9612532352854866)
(2.5 0.9612532352824233)
(2.75 0.9612532352841632)
(3.0 0.961253235283175)
(3.25 0.9612532352837363)
(3.5 0.9612532352834174)
(3.75 0.9612532352835985)
(4.0 0.9612532352834957)
(4.25 0.9612532352835541)
(4.5 0.9612532352835209)
(5.0 0.961253235283542)
(5.5 0.961253235283526)
(6.0 0.9612532352835381)
(6.5 0.961253235283529)
(7.0 0.9612532352835359)
(7.5 0.9612532352835307)
(8.0 0.9612532352835347)
(8.5 0.9612532352835317)
(9.0 0.9612532352835339)
(9.5 0.9612532352835322)
(10.0 0.9612532352835335)
(10.5 0.9612532352835325)
(11.0 0.9612532352835332)
(11.5 0.9612532352835327)
(12.0 0.9612532352835331)
(12.5 0.9612532352835328)
(13.0 0.961253235283533)
(13.5 0.9612532352835329)
(14.0 0.961253235283533)
(14.5 0.9612532352835329)
(15.0 0.961253235283533)
(15.5 0.9612532352835329)
(16.0 0.961253235283533)
(16.5 0.9612532352835329)
(17.0 0.9612532352835329)
(17.5 0.9612532352835329)
(18.0 0.9612532352835329)
(18.5 0.9612532352835329)
(19.0 0.9612532352835329)
(19.5 0.9612532352835329)
(20.0 0.9612532352835329))