((-50.0 -0.05125323528353306)
(-49.0 -0.05125323528353306)
(-48.0 -0.05125323528353306)
(-47.0 -0.05125323528353306)
(-46.0 -0.05125323528353306)
(-45.0 -0.05125323528353306)
(-44.0 -0.05125323528353306)
(-43.0 -0.05125323528353306)
(-42.0 -0.05125323528353306)
(-41.0 -0.05125323528353306)
(-40.0 -0.05125323528353306)
(-39.0 -0.05125323528353306)
(-38.0 -0.05125323528353306)
(-37.0 -0.05125323528353306)
(-36.0 -0.05125323528353306)
(-35.0 -0.05125323528353306)
(-34.0 -0.05125323528353306)
(-33.0 -0.05125323528353306)
(-32.0 -0.051253235283533066)
(-31.0 -0.05125323528353306)
(-30.0 -0.051253235283533066)
(-29.0 -0.05125323528353305)
(-28.0 -0.05125323528353307)
(-27.0 -0.051253235283533045)
(-26.0 -0.051253235283533094)
(-25.0 -0.051253235283533004)
(-24.0 -0.05125323528353316)
(-23.0 -0.051253235283532886)
(-22.0 -0.05125323528353335)
(-21.0 -0.051253235283532525)
(-20.0 -0.051253235283533795)
(-19.0 -0.05125323528353056)
(-18.0 -0.05125323528352981)
(-17.0 -0.05125323528349216)
(-16.5 -0.051253235283432265)
(-16.0 -0.05125323528329515)
(-15.5 -0.051253235282965603)
(-15.0 -0.05125323528218299)
(-14.5 -0.05125323528031938)
(-14.0 -0.051253235275883074)
(-13.5 -0.05125323526532668)
(-13.0 -0.05125323524018818)
(-12.5 -0.05125323518039056)
(-12.0 -0.05125323503792892)
(-11.5 -0.051253234699254066)
(-11.0 -0.051253233891730046)
(-10.5 -0.051253231974193215)
(-10.0 -0.05125322739484186)
(-9.5 -0.051253216544627375)
(-9.0 -0.05125319055389665)
(-8.5 -0.05125312923132522)
(-8.0 -0.05125298147952326)
(-7.5 -0.05125263568958491)
(-7.0 -0.05125179317118032)
(-6.5 -0.05124985192619521)
(-6.0 -0.051245019770113746)
(-5.5 -0.05123421636565452)
(-5.0 -0.051206203044942944)
(-4.5 -0.05114713273536177)
(-4.0 -0.05098159650132337)
(-3.75 -0.05083153300012922)
(-3.5 -0.05060601241603516)
(-3.25 -0.05024604150782409)
(-3.125 -0.05000251268624402)
(-3.0 -0.04970339020087874)
(-2.875 -0.04933153856565734)
(-2.75 -0.04886941378498215)
(-2.6875 -0.04859973347536069)
(-2.625 -0.04830096997719721)
(-2.5625 -0.04796899689381075)
(-2.5 -0.047600184754241444)
(-2.4375 -0.0471905558112514)
(-2.375 -0.04673572622492965)
(-2.3125 -0.046230867038421525)
(-2.25 -0.045670661267066405)
(-2.1875 -0.04504925492476503)
(-2.125 -0.04436019920271821)
(-2.0625 -0.04359637909489982)
(-2.03125 -0.0431846401572743)
(-2.0 -0.042751848382355316)
(-1.96875 -0.042296783403303236)
(-1.9375 -0.04181831090617018)
(-1.90625 -0.041315300887566055)
(-1.875 -0.04078659862668731)
(-1.84375 -0.04023101443962165)
(-1.8125 -0.03964732022536042)
(-1.78125 -0.039034248574146266)
(-1.75 -0.038390492967952744)
(-1.71875 -0.03771470857644067)
(-1.6875 -0.03700551349855911)
(-1.65625 -0.036261490424163524)
(-1.625 -0.035481188735505854)
(-1.59375 -0.034663127086002506)
(-1.5625 -0.03380579650116004)
(-1.53125 -0.032907664050127794)
(-1.5 -0.03196717713810532)
(-1.46875 -0.030982768470318837)
(-1.4375 -0.029952861737488783)
(-1.40625 -0.02887587807038619)
(-1.375 -0.027750243306820126)
(-1.34375 -0.02657439610768903)
(-1.3125 -0.025346796948913983)
(-1.296875 -0.02471323285164519)
(-1.28125 -0.024066292428556093)
(-1.265625 -0.02340576901940748)
(-1.25 -0.022731471702195864)
(-1.234375 -0.022043221267323058)
(-1.21875 -0.021340847940500198)
(-1.203125 -0.020624190191460227)
(-1.1875 -0.019893094220292812)
(-1.171875 -0.019147413870281026)
(-1.15625 -0.018387010812603594)
(-1.140625 -0.017611754907855118)
(-1.125 -0.016821524685805972)
(-1.109375 -0.01601620790729956)
(-1.09375 -0.015195702186767008)
(-1.078125 -0.01435991565999344)
(-1.0625 -0.013508767690573919)
(-1.046875 -0.012642189608383517)
(-1.03125 -0.011760125476921297)
(-1.015625 -0.01086253288714617)
(-1.0 -0.009949383776074223)
(-0.984375 -0.009020665268762669)
(-0.96875 -0.008076380542478388)
(-0.953125 -0.007116549711909218)
(-0.9375 -0.0061412107342681274)
(-0.921875 -0.005150420333091794)
(-0.90625 -0.004144254939464447)
(-0.890625 -0.0031228116493175295)
(-0.875 -0.002086209195374997)
(-0.859375 -0.001034588932240304)
(-0.84375 3.1884166939124425e-05)
(-0.828125 0.0011130205038345363)
(-0.8125 0.0022086048399441497)
(-0.796875 0.003318395274846066)
(-0.78125 0.004442122219233826)
(-0.765625 0.005579487364161582)
(-0.75 0.0067301626477549005)
(-0.734375 0.007893789220401234)
(-0.71875 0.00906997640910873)
(-0.703125 0.010258300681299378)
(-0.6875 0.011458304607766817)
(-0.671875 0.012669495823863258)
(-0.65625 0.01389134598716431)
(-0.640625 0.015123289728873725)
(-0.625 0.016364723595048352)
(-0.609375 0.017615004972287598)
(-0.59375 0.018873450991166184)
(-0.578125 0.020139337397743318)
(-0.5625 0.021411897383066755)
(-0.546875 0.022690320356204288)
(-0.53125 0.023973750644023704)
(-0.515625 0.02526128609783651)
(-0.5 0.02655197658238484)
(-0.46875 0.029138363539276728)
(-0.4375 0.03172478882649022)
(-0.40625 0.03430151941361966)
(-0.375 0.03685791432258066)
(-0.3125 0.04185337317144192)
(-0.25 0.046601011191695074)
(-0.21875 0.048843645200372175)
(-0.1875 0.05096867171194646)
(-0.15625 0.05295080353054129)
(-0.125 0.054760253533272234)
(-0.109375 0.05559079965239567)
(-0.09375 0.05636475232021523)
(-0.078125 0.05707655203637616)
(-0.0625 0.057720074625362605)
(-0.046875 0.05828855296119188)
(-0.03125 0.05877448993884551)
(-0.015625 0.059169561101966445)
(-0.0078125 0.05933049734755212)
(-0.00390625 0.05940125646547719)
(0.0 0.05946530244519833)
(0.001953125 0.059494790337208524)
(0.00390625 0.05952265200338006)
(0.005859375 0.05954897712897858)
(0.0078125 0.059573850453118436)
(0.009765625 0.05959735204155088)
(0.01171875 0.059619557544406655)
(0.013671875 0.05964053843972305)
(0.015625 0.05966036226353952)
(0.017578125 0.0596790928273037)
(0.01953125 0.059696790423281534)
(0.021484375 0.059713512018647885)
(0.0234375 0.05972931143886552)
(0.02734375 0.05975836646894734)
(0.03125 0.05978430279990145)
(0.03515625 0.05980745518666979)
(0.0390625 0.059828122452052324)
(0.04296875 0.059846571343658034)
(0.046875 0.05986303997684253)
(0.05078125 0.0598777409080767)
(0.0546875 0.05989086387840389)
(0.05859375 0.059902578262440526)
(0.0625 0.05991303525447663)
(0.0703125 0.05993075347153711)
(0.078125 0.05994486177347596)
(0.0859375 0.05995609564609596)
(0.09375 0.05996504072674682)
(0.109375 0.059977968943836425)
(0.125 0.05998611620298001)
(0.15625 0.05999478245456133)
(0.1875 0.059998039240887494)
(0.25 0.0599999048063801)
(0.3125 0.05999999537841072)
(0.375 0.05999999977562479)
(0.5 0.06000000006494953)
(0.625 0.05999999998119914)
(0.75 0.06000000000544224)
(0.875 0.059999999998424626)
(1.0 0.060000000000456)
(1.25 0.05999999999974097)
(1.5 0.06000000000014711)
(1.75 0.059999999999916426)
(2.0 0.06000000000004745)
(2.25 0.059999999999973026)
(2.5 0.0600000000000153)
(2.75 0.05999999999999129)
(3.0 0.060000000000004924)
(3.25 0.05999999999999718)
(3.5 0.06000000000000158)
(3.75 0.05999999999999908)
(4.0 0.060000000000000504)
(4.25 0.05999999999999969)
(4.5 0.06000000000000015)
(5.0 0.05999999999999986)
(5.5 0.06000000000000008)
(6.0 0.059999999999999915)
(6.5 0.06000000000000004)
(7.0 0.05999999999999994)
(7.5 0.06000000000000002)
(8.0 0.05999999999999996)
(8.5 0.060000000000000005)
(9.0 0.05999999999999997)
(9.5 0.06)
(10.0 0.05999999999999998)
(10.5 0.05999999999999999)
(11.0 0.059999999999999984)
(11.5 0.05999999999999999)
(12.0 0.059999999999999984)
(12.5 0.05999999999999999)
(13.0 0.059999999999999984)
(13.5 0.05999999999999999)
(14.0 0.059999999999999984)
(14.5 0.05999999999999999)
(15.0 0.059999999999999984)
(15.5 0.05999999999999999)
(16.0 0.059999999999999984)
(16.5 0.059999999999999984)
(17.0 0.059999999999999984)
(17.5 0.059999999999999984)
(18.0 0.059999999999999984)
(18.5 0.059999999999999984)
(19.0 0.05999999999999999)
(19.5 0.059999999999999984)
(20.0 0.06))