((-50.0 1.0)
(-49.0 1.0)
(-48.0 1.0)
(-47.0 1.0)
(-46.0 1.0)
(-45.0 1.0)
(-44.0 1.0)
(-43.0 1.0)
(-42.0 1.0)
(-41.0 1.0)
(-40.0 1.0)
(-39.0 1.0)
(-38.0 1.0)
(-37.0 1.0)
(-36.0 1.0)
(-35.0 1.0)
(-34.0 1.0)
(-33.0 1.0)
(-32.0 1.0)
(-31.0 1.0)
(-30.0 1.0)
(-29.0 1.0)
(-28.0 1.0)
(-27.0 1.0)
(-26.0 1.0)
(-25.0 1.0)
(-24.0 1.0)
(-23.0 1.0)
(-22.0 1.0)
(-21.0 0.9999999999999998)
(-20.0 0.9999999999999989)
(-19.0 0.999999999999993)
(-18.0 0.9999999999999575)
(-17.0 0.9999999999997387)
(-16.5 0.9999999999992836)
(-16.0 0.99999999999835)
(-15.5 0.9999999999960402)
(-15.0 0.9999999999905934)
(-14.5 0.9999999999775988)
(-14.0 0.9999999999466856)
(-13.5 0.9999999998730941)
(-13.0 0.9999999996979329)
(-12.5 0.9999999992809998)
(-12.0 0.9999999982885919)
(-11.5 0.9999999959264)
(-11.0 0.9999999903037654)
(-10.5 0.9999999769204222)
(-10.0 0.999999945064561)
(-9.5 0.9999998692392718)
(-9.0 0.9999996887552427)
(-8.5 0.9999992591560813)
(-8.0 0.9999982365980978)
(-7.5 0.9999958026452623)
(-7.0 0.9999900092167808)
(-6.5 0.9999762194340991)
(-6.0 0.9999433966735676)
(-5.5 0.9998652729302127)
(-5.0 0.9996793350716361)
(-4.5 0.9992368512605824)
(-4.0 0.9981841726682547)
(-3.75 0.9970647964612812)
(-3.5 0.9955543390301007)
(-3.25 0.9931258174753543)
(-3.125 0.9913851649558302)
(-3.0 0.9893463312924857)
(-2.875 0.9867880497970837)
(-2.75 0.9836301192770303)
(-2.6875 0.9817341909457384)
(-2.625 0.9796692533869805)
(-2.5625 0.9773744834865893)
(-2.5 0.9748231399386996)
(-2.4375 0.9719870534611821)
(-2.375 0.9688351547260113)
(-2.3125 0.9653331580707205)
(-2.25 0.9614432694002214)
(-2.1875 0.9571238794539343)
(-2.125 0.952329244076207)
(-2.0625 0.9470091546077744)
(-2.03125 0.9441126121051147)
(-2.0 0.9410770151676379)
(-1.96875 0.9378860981298339)
(-1.9375 0.9345287554732564)
(-1.90625 0.9309955067557266)
(-1.875 0.927277221593971)
(-1.84375 0.9233646563524982)
(-1.8125 0.9192482831595931)
(-1.78125 0.9149182243582237)
(-1.75 0.9103642256561666)
(-1.71875 0.9055756440859456)
(-1.6875 0.9005414423528703)
(-1.65625 0.8952501867221382)
(-1.625 0.8896900476170235)
(-1.59375 0.8838488028472391)
(-1.5625 0.87771384367757)
(-1.53125 0.8712721840755867)
(-1.5 0.864510473549142)
(-1.46875 0.8574150140372429)
(-1.4375 0.8499717813651927)
(-1.40625 0.8421664518212276)
(-1.375 0.8339844344585554)
(-1.34375 0.8254109097737828)
(-1.3125 0.8164308754596372)
(-1.296875 0.8117740710982706)
(-1.28125 0.8070134577259566)
(-1.265625 0.8021458030765312)
(-1.25 0.79716838178685)
(-1.234375 0.7920787850141698)
(-1.21875 0.786874803651277)
(-1.203125 0.7815543571849355)
(-1.1875 0.7761154508855971)
(-1.171875 0.7705561506227602)
(-1.15625 0.7648745686707195)
(-1.140625 0.7590688564079754)
(-1.125 0.7531372013667904)
(-1.109375 0.7470778270583968)
(-1.09375 0.7408889946605233)
(-1.078125 0.7345690058284754)
(-1.0625 0.7281162064331728)
(-1.046875 0.7215289908917996)
(-1.03125 0.7148058069814894)
(-1.015625 0.7079451610514167)
(-1.0 0.700945623582101)
(-0.984375 0.6938058350611036)
(-0.96875 0.6865245121565287)
(-0.953125 0.6791004541768808)
(-0.9375 0.6715325498097667)
(-0.921875 0.6638197841338034)
(-0.90625 0.6559612458986446)
(-0.890625 0.6479561350676845)
(-0.875 0.639803770617013)
(-0.859375 0.6315035985827482)
(-0.84375 0.623055200347043)
(-0.828125 0.6144583011509223)
(-0.8125 0.6057127788196721)
(-0.796875 0.5968186726838041)
(-0.78125 0.5877761926756457)
(-0.765625 0.5785857285783849)
(-0.75 0.5692478594009036)
(-0.734375 0.5597633628479955)
(-0.71875 0.5501332248515544)
(-0.703125 0.5403586491240737)
(-0.6875 0.5304410666913075)
(-0.671875 0.5203821453562182)
(-0.65625 0.5101837990414262)
(-0.640625 0.49984819695226224)
(-0.625 0.48937777249728576)
(-0.609375 0.47877523190871357)
(-0.59375 0.4680435624253612)
(-0.578125 0.4571860401079632)
(-0.5625 0.4462062370262484)
(-0.546875 0.4351080278280042)
(-0.53125 0.42389559558567075)
(-0.515625 0.4125734367995149)
(-0.5 0.40114636547665755)
(-0.46875 0.37801284956089615)
(-0.4375 0.3545146179064332)
(-0.40625 0.3307083576401085)
(-0.375 0.3066516889682327)
(-0.3125 0.25806437953501804)
(-0.25 0.2091963681165486)
(-0.21875 0.18487900983939212)
(-0.1875 0.16072876270538444)
(-0.15625 0.13682403074036564)
(-0.125 0.11324284648524287)
(-0.109375 0.10160727143234981)
(-0.09375 0.09007859128815832)
(-0.078125 0.07866697320403779)
(-0.0625 0.06738204882162248)
(-0.046875 0.05623300581429992)
(-0.03125 0.04522863792727639)
(-0.015625 0.03437736981385525)
(-0.0078125 0.029013738797508747)
(-0.00390625 0.02634747350592391)
(0.0 0.023691540396780352)
(0.001953125 0.022402287856198987)
(0.00390625 0.021183194202872953)
(0.005859375 0.02003044151184212)
(0.0078125 0.01894041962300053)
(0.009765625 0.017909714834893422)
(0.01171875 0.016935099213778202)
(0.013671875 0.016013520484467778)
(0.015625 0.015142092471296657)
(0.017578125 0.014318086058594318)
(0.01953125 0.013538920645837449)
(0.021484375 0.012802156063648717)
(0.0234375 0.012105484932287271)
(0.02734375 0.010822864918653651)
(0.03125 0.009676143145118282)
(0.03515625 0.008650920700511266)
(0.0390625 0.007734324290495245)
(0.04296875 0.006914844592932087)
(0.046875 0.006182191740084348)
(0.05078125 0.00552716611102152)
(0.0546875 0.004941542822232067)
(0.05859375 0.00441796844453622)
(0.0625 0.00394986867038481)
(0.0703125 0.003154973855182882)
(0.078125 0.0025200483501794106)
(0.0859375 0.0020128989848785537)
(0.09375 0.0016078113436062207)
(0.109375 0.0010198435626479565)
(0.125 0.0006468923705999907)
(0.15625 0.00024689991535258276)
(0.1875 9.423448281276032e-05)
(0.25 5.219038845012704e-06)
(0.3125 2.890487693088399e-07)
(0.375 1.6008539305044288e-08)
(0.5 -4.53325964445141e-09)
(0.625 1.2837175693881067e-09)
(0.75 -3.635200613730186e-10)
(0.875 1.0294073707593813e-10)
(1.0 -2.915051320843603e-11)
(1.25 1.64215370855496e-11)
(1.5 -9.250848824213946e-12)
(1.75 5.211335661838624e-12)
(2.0 -2.935736487163363e-12)
(2.25 1.653804235721746e-12)
(2.5 -9.316502285667094e-13)
(2.75 5.248298843320232e-13)
(3.0 -2.956580993144773e-13)
(3.25 1.6655249018293667e-13)
(3.5 -9.382747073706416e-14)
(3.75 5.285398920611712e-14)
(4.0 -2.9776988309608045e-14)
(4.25 1.677203328574477e-14)
(4.5 -9.45071606253336e-15)
(5.0 7.131748613667264e-15)
(5.5 -5.3865686077607005e-15)
(6.0 4.063671095258763e-15)
(6.5 -3.070437177022745e-15)
(7.0 2.315193498996846e-15)
(7.5 -1.7504888079073135e-15)
(8.0 1.3187473901858494e-15)
(8.5 -9.982587427045755e-16)
(9.0 7.508791773561276e-16)
(9.5 -5.695676785525817e-16)
(10.0 4.272547442063361e-16)
(10.5 -3.252594050958712e-16)
(11.0 2.4282326634510307e-16)
(11.5 -1.8602969525540424e-16)
(12.0 1.3771695625993815e-16)
(12.5 -1.0668358132674548e-16)
(13.0 7.781754784019559e-17)
(13.5 -6.146474260612737e-17)
(14.0 4.3681261204515435e-17)
(14.5 -3.569481798687421e-17)
(15.0 2.4227211561548246e-17)
(15.5 -2.100870411284524e-17)
(16.0 1.3140474112920612e-17)
(16.5 -1.2639182515851306e-17)
(17.0 6.822213932145439e-18)
(17.5 -7.869446128220303e-18)
(18.0 3.221478198837673e-18)
(18.5 -5.151204119416795e-18)
(19.0 1.1694421248562512e-18)
(19.5 -3.602095528347812e-18)
(20.0 0.0))