-5.0000000000000000e+01 -2.9368054915205638e-02 2.5800000000000001e+00 1.0000000000000000e+00
-4.9000000000000000e+01 -2.9368968597603386e-02 2.5800160195861865e+00 1.0000000000000000e+00

-4.9000000000000000e+01 -2.9368968597603386e-02 2.5800160195861865e+00 1.0000000000000000e+00
-4.8000000000000000e+01 -2.9368049229413398e-02 2.5800006312569681e+00 1.0000000000000000e+00

-4.8000000000000000e+01 -2.9368049229413398e-02 2.5800006312569681e+00 1.0000000000000000e+00
-4.7000000000000000e+01 -2.9368975860834021e-02 2.5800154114377949e+00 1.0000000000000000e+00

-4.7000000000000000e+01 -2.9368975860834021e-02 2.5800154114377949e+00 1.0000000000000000e+00
-4.6000000000000000e+01 -2.9368040369332417e-02 2.5800012172183755e+00 1.0000000000000000e+00

-4.6000000000000000e+01 -2.9368040369332417e-02 2.5800012172183755e+00 1.0000000000000000e+00
-4.5000000000000000e+01 -2.9368986339961472e-02 2.5800148467750454e+00 1.0000000000000000e+00

-4.5000000000000000e+01 -2.9368986339961472e-02 2.5800148467750454e+00 1.0000000000000000e+00
-4.4000000000000000e+01 -2.9368028246130475e-02 2.5800017614388757e+00 1.0000000000000000e+00

-4.4000000000000000e+01 -2.9368028246130475e-02 2.5800017614388757e+00 1.0000000000000000e+00
-4.3000000000000000e+01 -2.9369000135155716e-02 2.5800143221710026e+00 1.0000000000000000e+00

-4.3000000000000000e+01 -2.9369000135155716e-02 2.5800143221710026e+00 1.0000000000000000e+00
-4.2000000000000000e+01 -2.9368012748079379e-02 2.5800022672228891e+00 1.0000000000000000e+00

-4.2000000000000000e+01 -2.9368012748079379e-02 2.5800022672228891e+00 1.0000000000000000e+00
-4.1000000000000000e+01 -2.9369017369944184e-02 2.5800138344387391e+00 1.0000000000000000e+00

-4.1000000000000000e+01 -2.9369017369944184e-02 2.5800138344387391e+00 1.0000000000000000e+00
-4.0000000000000000e+01 -2.9367993739590505e-02 2.5800027376446968e+00 1.0000000000000000e+00

-4.0000000000000000e+01 -2.9367993739590505e-02 2.5800027376446968e+00 1.0000000000000000e+00
-3.9000000000000000e+01 -2.9369038192260263e-02 2.5800133806119443e+00 1.0000000000000000e+00

-3.9000000000000000e+01 -2.9369038192260263e-02 2.5800133806119443e+00 1.0000000000000000e+00
-3.8000000000000000e+01 -2.9367971060080069e-02 2.5800031755671560e+00 1.0000000000000000e+00

-3.8000000000000000e+01 -2.9367971060080069e-02 2.5800031755671560e+00 1.0000000000000000e+00
-3.7000000000000000e+01 -2.9369062775666564e-02 2.5800129579268503e+00 1.0000000000000000e+00

-3.7000000000000000e+01 -2.9369062775666564e-02 2.5800129579268503e+00 1.0000000000000000e+00
-3.6000000000000000e+01 -2.9367944522654892e-02 2.5800035836591597e+00 1.0000000000000000e+00

-3.6000000000000000e+01 -2.9367944522654892e-02 2.5800035836591597e+00 1.0000000000000000e+00
-3.5000000000000000e+01 -2.9369091320762770e-02 2.5800125638053655e+00 1.0000000000000000e+00

-3.5000000000000000e+01 -2.9369091320762770e-02 2.5800125638053655e+00 1.0000000000000000e+00
-3.4000000000000000e+01 -2.9367913912608127e-02 2.5800039644119375e+00 1.0000000000000000e+00

-3.4000000000000000e+01 -2.9367913912608127e-02 2.5800039644119375e+00 1.0000000000000000e+00
-3.3000000000000000e+01 -2.9369124056789309e-02 2.5800121958393110e+00 1.0000000000000000e+00

-3.3000000000000000e+01 -2.9369124056789309e-02 2.5800121958393110e+00 1.0000000000000000e+00
-3.2000000000000000e+01 -2.9367878985713018e-02 2.5800043201543055e+00 1.0000000000000000e+00

-3.2000000000000000e+01 -2.9367878985713018e-02 2.5800043201543055e+00 1.0000000000000000e+00
-3.1000000000000000e+01 -2.9369161243439485e-02 2.5800118517756636e+00 1.0000000000000000e+00

-3.1000000000000000e+01 -2.9369161243439485e-02 2.5800118517756636e+00 1.0000000000000000e+00
-3.0000000000000000e+01 -2.9367839466301358e-02 2.5800046530669523e+00 1.0000000000000000e+00

-3.0000000000000000e+01 -2.9367839466301358e-02 2.5800046530669523e+00 1.0000000000000000e+00
-2.9000000000000000e+01 -2.9369203172894216e-02 2.5800115295027171e+00 1.0000000000000000e+00

-2.9000000000000000e+01 -2.9369203172894216e-02 2.5800115295027171e+00 1.0000000000000000e+00
-2.8000000000000000e+01 -2.9367795045111608e-02 2.5800049651958541e+00 1.0000000000000000e+00

-2.8000000000000000e+01 -2.9367795045111608e-02 2.5800049651958541e+00 1.0000000000000000e+00
-2.7000000000000000e+01 -2.9369250172095178e-02 2.5800112270370694e+00 1.0000000000000000e+00

-2.7000000000000000e+01 -2.9369250172095178e-02 2.5800112270370694e+00 1.0000000000000000e+00
-2.6000000000000000e+01 -2.9367745376890093e-02 2.5800052584649000e+00 1.0000000000000000e+00

-2.6000000000000000e+01 -2.9367745376890093e-02 2.5800052584649000e+00 1.0000000000000000e+00
-2.5000000000000000e+01 -2.9369302605273921e-02 2.5800109425113673e+00 1.0000000000000000e+00

-2.5000000000000000e+01 -2.9369302605273921e-02 2.5800109425113673e+00 1.0000000000000000e+00
-2.4000000000000000e+01 -2.9367690077726733e-02 2.5800055346878046e+00 1.0000000000000000e+00

-2.4000000000000000e+01 -2.9367690077726733e-02 2.5800055346878046e+00 1.0000000000000000e+00
-2.3000000000000000e+01 -2.9369360876756394e-02 2.5800106741627169e+00 1.0000000000000000e+00

-2.3000000000000000e+01 -2.9369360876756394e-02 2.5800106741627169e+00 1.0000000000000000e+00
-2.2000000000000000e+01 -2.9367628722104900e-02 2.5800057955793840e+00 1.0000000000000000e+00

-2.2000000000000000e+01 -2.9367628722104900e-02 2.5800057955793840e+00 1.0000000000000000e+00
-2.1000000000000000e+01 -2.9369425434064365e-02 2.5800104203217038e+00 1.0000000000000000e+00

-2.1000000000000000e+01 -2.9369425434064365e-02 2.5800104203217038e+00 1.0000000000000000e+00
-2.0000000000000000e+01 -2.9367560839642794e-02 2.5800060427662643e+00 1.0000000000000000e+00

-2.0000000000000000e+01 -2.9367560839642794e-02 2.5800060427662643e+00 1.0000000000000000e+00
-1.9000000000000000e+01 -2.9369496771337437e-02 2.5800101794019392e+00 1.0000000000000000e+00

-1.9000000000000000e+01 -2.9369496771337437e-02 2.5800101794019392e+00 1.0000000000000000e+00
-1.8000000000000000e+01 -2.9367485911501519e-02 2.5800062777970907e+00 1.0000000000000000e+00

-1.8000000000000000e+01 -2.9367485911501519e-02 2.5800062777970907e+00 1.0000000000000000e+00
-1.7000000000000000e+01 -2.9369575433101740e-02 2.5800099498900786e+00 1.0000000000000000e+00

-1.7000000000000000e+01 -2.9369575433101740e-02 2.5800099498900786e+00 1.0000000000000000e+00
-1.6000000000000000e+01 -2.9367403366432485e-02 2.5800065021523002e+00 1.0000000000000000e+00

-1.6000000000000000e+01 -2.9367403366432485e-02 2.5800065021523002e+00 1.0000000000000000e+00
-1.5000000000000000e+01 -2.9369662018413949e-02 2.5800097303362408e+00 1.0000000000000000e+00

-1.5000000000000000e+01 -2.9369662018413949e-02 2.5800097303362408e+00 1.0000000000000000e+00
-1.4000000000000000e+01 -2.9367312576434115e-02 2.5800067172535264e+00 1.0000000000000000e+00

-1.4000000000000000e+01 -2.9367312576434115e-02 2.5800067172535264e+00 1.0000000000000000e+00
-1.3000000000000000e+01 -2.9369757185412085e-02 2.5800095193447707e+00 1.0000000000000000e+00

-1.3000000000000000e+01 -2.9369757185412085e-02 2.5800095193447707e+00 1.0000000000000000e+00
-1.2000000000000000e+01 -2.9367212851984903e-02 2.5800069244726838e+00 1.0000000000000000e+00

-1.2000000000000000e+01 -2.9367212851984903e-02 2.5800069244726838e+00 1.0000000000000000e+00
-1.1000000000000000e+01 -2.9369861656307658e-02 2.5800093155652850e+00 1.0000000000000000e+00

-1.1000000000000000e+01 -2.9369861656307658e-02 2.5800093155652850e+00 1.0000000000000000e+00
-1.0000000000000000e+01 -2.9367103436816675e-02 2.5800071251408050e+00 1.0000000000000000e+00

-1.0000000000000000e+01 -2.9367103436816675e-02 2.5800071251408050e+00 1.0000000000000000e+00
-9.0000000000000000e+00 -2.9369976222856860e-02 2.5800091176839430e+00 1.0000000000000000e+00

-9.0000000000000000e+00 -2.9369976222856860e-02 2.5800091176839430e+00 1.0000000000000000e+00
-8.0000000000000000e+00 -2.9366983502188564e-02 2.5800073205566787e+00 1.0000000000000000e+00

-8.0000000000000000e+00 -2.9366983502188564e-02 2.5800073205566787e+00 1.0000000000000000e+00
-7.0000000000000000e+00 -2.9370101752352298e-02 2.5800089244148841e+00 1.0000000000000000e+00

-7.0000000000000000e+00 -2.9370101752352298e-02 2.5800089244148841e+00 1.0000000000000000e+00
-6.5000000000000000e+00 -2.9366781800048512e-02 2.5800076066955566e+00 9.9999999999999989e-01

-6.5000000000000000e+00 -2.9366781800048512e-02 2.5800076066955566e+00 9.9999999999999989e-01
-6.0000000000000000e+00 -2.9370389735436229e-02 2.5800085465026550e+00 9.9999999999999900e-01

-6.0000000000000000e+00 -2.9370389735436229e-02 2.5800085465026550e+00 9.9999999999999900e-01
-5.5000000000000000e+00 -2.9366466752258069e-02 2.5800079816805952e+00 9.9999999999997746e-01

-5.5000000000000000e+00 -2.9366466752258069e-02 2.5800079816805952e+00 9.9999999999997746e-01
-5.0000000000000000e+00 -2.9370734228739256e-02 2.5800081719300043e+00 9.9999999999949818e-01

-5.0000000000000000e+00 -2.9370734228739256e-02 2.5800081719300043e+00 9.9999999999949818e-01
-4.5000000000000000e+00 -2.9366090210468345e-02 2.5800083583550384e+00 9.9999999998880129e-01

-4.5000000000000000e+00 -2.9366090210468345e-02 2.5800083583550384e+00 9.9999999998880129e-01
-4.0000000000000000e+00 -2.9371145636396496e-02 2.5800077901440854e+00 9.9999999975012155e-01

-4.0000000000000000e+00 -2.9371145636396496e-02 2.5800077901440854e+00 9.9999999975012155e-01
-3.5000000000000000e+00 -2.9365640263669980e-02 2.5800087381009575e+00 9.9999999442441734e-01

-3.5000000000000000e+00 -2.9365640263669980e-02 2.5800087381009575e+00 9.9999999442441734e-01
-3.0000000000000000e+00 -2.9371624829743884e-02 2.5800071915624545e+00 9.9999987559105430e-01

-3.0000000000000000e+00 -2.9371624829743884e-02 2.5800071915624545e+00 9.9999987559105430e-01
-2.5000000000000000e+00 -2.9364845115395551e-02 2.5800046901360596e+00 9.9999722404996294e-01

-2.5000000000000000e+00 -2.9364845115395551e-02 2.5800046901360596e+00 9.9999722404996294e-01
-2.0000000000000000e+00 -2.9366425619779601e-02 2.5799072659890818e+00 9.9993806422805676e-01

5.0000000000000000e+00 6.0000000000002419e-02 9.6937668108556929e-01 -6.5053490714283195e-15
5.5000000000000000e+00 6.0000000000002232e-02 9.6937668108559116e-01 7.2671474580609336e-15

5.5000000000000000e+00 6.0000000000002232e-02 9.6937668108559116e-01 7.2671474580609336e-15
6.0000000000000000e+00 6.0000000000002350e-02 9.6937668108557085e-01 -5.4501223600654801e-15

6.0000000000000000e+00 6.0000000000002350e-02 9.6937668108557085e-01 -5.4501223600654801e-15
6.5000000000000000e+00 6.0000000000002308e-02 9.6937668108558972e-01 6.2927705326186188e-15

6.5000000000000000e+00 6.0000000000002308e-02 9.6937668108558972e-01 6.2927705326186188e-15
7.0000000000000000e+00 6.0000000000002274e-02 9.6937668108557229e-01 -4.5504006391153128e-15

7.0000000000000000e+00 6.0000000000002274e-02 9.6937668108557229e-01 -4.5504006391153128e-15
7.5000000000000000e+00 6.0000000000002385e-02 9.6937668108558850e-01 5.4619840536571510e-15

7.5000000000000000e+00 6.0000000000002385e-02 9.6937668108558850e-01 5.4619840536571510e-15
8.0000000000000000e+00 6.0000000000002190e-02 9.6937668108557340e-01 -3.7832676940215293e-15

8.0000000000000000e+00 6.0000000000002190e-02 9.6937668108557340e-01 -3.7832676940215293e-15
8.5000000000000000e+00 6.0000000000002461e-02 9.6937668108558739e-01 4.7536276103429221e-15

8.5000000000000000e+00 6.0000000000002461e-02 9.6937668108558739e-01 4.7536276103429221e-15
9.0000000000000000e+00 6.0000000000002114e-02 9.6937668108557440e-01 -3.1291843908014571e-15

9.0000000000000000e+00 6.0000000000002114e-02 9.6937668108557440e-01 -3.1291843908014571e-15
9.5000000000000000e+00 6.0000000000002551e-02 9.6937668108558650e-01 4.1496591259058914e-15

9.5000000000000000e+00 6.0000000000002551e-02 9.6937668108558650e-01 4.1496591259058914e-15
1.0000000000000000e+01 6.0000000000002024e-02 9.6937668108557529e-01 -2.5714910077691058e-15

1.0000000000000000e+01 6.0000000000002024e-02 9.6937668108557529e-01 -2.5714910077691058e-15
1.0500000000000000e+01 6.0000000000002641e-02 9.6937668108558572e-01 3.6346953199089194e-15

1.0500000000000000e+01 6.0000000000002641e-02 9.6937668108558572e-01 3.6346953199089194e-15
1.1000000000000000e+01 6.0000000000001927e-02 9.6937668108557595e-01 -2.0959829068494537e-15

1.1000000000000000e+01 6.0000000000001927e-02 9.6937668108557595e-01 -2.0959829068494537e-15
1.1500000000000000e+01 6.0000000000002746e-02 9.6937668108558506e-01 3.1956198909464612e-15

1.1500000000000000e+01 6.0000000000002746e-02 9.6937668108558506e-01 3.1956198909464612e-15
1.2000000000000000e+01 6.0000000000001816e-02 9.6937668108557651e-01 -1.6905487366913740e-15

1.2000000000000000e+01 6.0000000000001816e-02 9.6937668108557651e-01 -1.6905487366913740e-15
1.2500000000000000e+01 6.0000000000002864e-02 9.6937668108558450e-01 2.8212494400557203e-15

1.2500000000000000e+01 6.0000000000002864e-02 9.6937668108558450e-01 2.8212494400557203e-15
1.3000000000000000e+01 6.0000000000001691e-02 9.6937668108557706e-01 -1.3448619524922283e-15

1.3000000000000000e+01 6.0000000000001691e-02 9.6937668108557706e-01 -1.3448619524922283e-15
1.3500000000000000e+01 6.0000000000002995e-02 9.6937668108558406e-01 2.5020486257984854e-15

1.3500000000000000e+01 6.0000000000002995e-02 9.6937668108558406e-01 2.5020486257984854e-15
1.4000000000000000e+01 6.0000000000001545e-02 9.6937668108557740e-01 -1.0501177954414099e-15

1.4000000000000000e+01 6.0000000000001545e-02 9.6937668108557740e-01 -1.0501177954414099e-15
1.4500000000000000e+01 6.0000000000003148e-02 9.6937668108558372e-01 2.2298872959187817e-15

1.4500000000000000e+01 6.0000000000003148e-02 9.6937668108558372e-01 2.2298872959187817e-15
1.5000000000000000e+01 6.0000000000001379e-02 9.6937668108557773e-01 -7.9880903256174674e-16

1.5000000000000000e+01 6.0000000000001379e-02 9.6937668108557773e-01 -7.9880903256174674e-16
1.5500000000000000e+01 6.0000000000003328e-02 9.6937668108558339e-01 1.9978334096387902e-15

1.5500000000000000e+01 6.0000000000003328e-02 9.6937668108558339e-01 1.9978334096387902e-15
1.6000000000000000e+01 6.0000000000001184e-02 9.6937668108557795e-01 -5.8453474496780401e-16

1.6000000000000000e+01 6.0000000000001184e-02 9.6937668108557795e-01 -5.8453474496780401e-16
1.6500000000000000e+01 6.0000000000003544e-02 9.6937668108558317e-01 1.7999764762549171e-15

1.6500000000000000e+01 6.0000000000003544e-02 9.6937668108558317e-01 1.7999764762549171e-15
1.7000000000000000e+01 6.0000000000000955e-02 9.6937668108557817e-01 -4.0183729431429871e-16

1.7000000000000000e+01 6.0000000000000955e-02 9.6937668108557817e-01 -4.0183729431429871e-16
1.7500000000000000e+01 6.0000000000003786e-02 9.6937668108558306e-01 1.6312770129561631e-15

1.7500000000000000e+01 6.0000000000003786e-02 9.6937668108558306e-01 1.6312770129561631e-15
1.8000000000000000e+01 6.0000000000000692e-02 9.6937668108557828e-01 -2.4606331491566312e-16

1.8000000000000000e+01 6.0000000000000692e-02 9.6937668108557828e-01 -2.4606331491566312e-16
1.8500000000000000e+01 6.0000000000004078e-02 9.6937668108558295e-01 1.4874381875051961e-15

1.8500000000000000e+01 6.0000000000004078e-02 9.6937668108558295e-01 1.4874381875051961e-15
1.9000000000000000e+01 6.0000000000000372e-02 9.6937668108557840e-01 -1.1324519095964862e-16

1.9000000000000000e+01 6.0000000000000372e-02 9.6937668108557840e-01 -1.1324519095964862e-16
1.9500000000000000e+01 6.0000000000004425e-02 9.6937668108558295e-01 1.3647963764783422e-15

1.9500000000000000e+01 6.0000000000004425e-02 9.6937668108558295e-01 1.3647963764783422e-15
2.0000000000000000e+01 5.9999999999999998e-02 9.6937668108557840e-01 0.0000000000000000e+00

-2.0000000000000000e+00 -2.9366425619779601e-02 2.5799072659890818e+00 9.9993806422805676e-01
-1.7500000000000000e+00 -2.9338036552454132e-02 2.5795706186626322e+00 9.9972707688180695e-01

-1.7500000000000000e+00 -2.9338036552454132e-02 2.5795706186626322e+00 9.9972707688180695e-01
-1.5000000000000000e+00 -2.9285077921232826e-02 2.5784877633965513e+00 9.9905682955323560e-01

-1.5000000000000000e+00 -2.9285077921232826e-02 2.5784877633965513e+00 9.9905682955323560e-01
-1.2500000000000000e+00 -2.9042138519141246e-02 2.5745681640638187e+00 9.9661833221576523e-01

1.2500000000000000e+00 6.0000000000007124e-02 9.6937668108539399e-01 -1.2669527708160618e-13
1.5000000000000000e+00 5.9999999999998194e-02 9.6937668108574038e-01 1.0921093688923201e-13

1.5000000000000000e+00 5.9999999999998194e-02 9.6937668108574038e-01 1.0921093688923201e-13
1.7500000000000000e+00 6.0000000000005826e-02 9.6937668108544395e-01 -9.1879526704522920e-14

2.0000000000000000e+00 6.0000000000004175e-02 9.6937668108550756e-01 -4.7999183343574969e-14
2.2500000000000000e+00 6.0000000000000719e-02 9.6937668108564323e-01 4.2129049840804764e-14

2.2500000000000000e+00 6.0000000000000719e-02 9.6937668108564323e-01 4.2129049840804764e-14
2.5000000000000000e+00 6.0000000000003662e-02 9.6937668108552710e-01 -3.4697786742214904e-14

2.5000000000000000e+00 6.0000000000003662e-02 9.6937668108552710e-01 -3.4697786742214904e-14
2.7500000000000000e+00 6.0000000000001164e-02 9.6937668108562647e-01 3.0790713458293146e-14

2.7500000000000000e+00 6.0000000000001164e-02 9.6937668108562647e-01 3.0790713458293146e-14
3.0000000000000000e+00 6.0000000000003273e-02 9.6937668108554143e-01 -2.5032796235791989e-14

3.0000000000000000e+00 6.0000000000003273e-02 9.6937668108554143e-01 -2.5032796235791989e-14
3.2500000000000000e+00 6.0000000000001497e-02 9.6937668108561426e-01 2.2552111401046128e-14

3.2500000000000000e+00 6.0000000000001497e-02 9.6937668108561426e-01 2.2552111401046128e-14
3.5000000000000000e+00 6.0000000000002988e-02 9.6937668108555186e-01 -1.8010071921316978e-14

3.5000000000000000e+00 6.0000000000002988e-02 9.6937668108555186e-01 -1.8010071921316978e-14
3.7500000000000000e+00 6.0000000000001746e-02 9.6937668108560526e-01 1.6565821926405759e-14

3.7500000000000000e+00 6.0000000000001746e-02 9.6937668108560526e-01 1.6565821926405759e-14
4.0000000000000000e+00 6.0000000000002759e-02 9.6937668108555952e-01 -1.2907257108072348e-14

4.0000000000000000e+00 6.0000000000002759e-02 9.6937668108555952e-01 -1.2907257108072348e-14
4.2500000000000000e+00 6.0000000000001948e-02 9.6937668108559871e-01 1.2216095920730718e-14

4.2500000000000000e+00 6.0000000000001948e-02 9.6937668108559871e-01 1.2216095920730718e-14
4.5000000000000000e+00 6.0000000000002579e-02 9.6937668108556518e-01 -9.1994767930135788e-15

4.5000000000000000e+00 6.0000000000002579e-02 9.6937668108556518e-01 -9.1994767930135788e-15
4.7500000000000000e+00 6.0000000000002114e-02 9.6937668108559394e-01 9.0555210148484842e-15

4.7500000000000000e+00 6.0000000000002114e-02 9.6937668108559394e-01 9.0555210148484842e-15
5.0000000000000000e+00 6.0000000000002419e-02 9.6937668108556929e-01 -6.5053490714283195e-15

-1.2500000000000000e+00 -2.9042138519141246e-02 2.5745681640638187e+00 9.9661833221576523e-01
-1.1250000000000000e+00 -2.8709776126652525e-02 2.5688453278709353e+00 9.9306551894240791e-01

7.5000000000000000e-01 6.0000000000019184e-02 9.6937668108492736e-01 -4.5998944278055858e-13
8.7500000000000000e-01 5.9999999999989971e-02 9.6937668108605823e-01 3.3467691820291068e-13

8.7500000000000000e-01 5.9999999999989971e-02 9.6937668108605823e-01 3.3467691820291068e-13
1.0000000000000000e+00 6.0000000000011322e-02 9.6937668108523145e-01 -2.4154991335653670e-13

1.0000000000000000e+00 6.0000000000011322e-02 9.6937668108523145e-01 -2.4154991335653670e-13
1.1250000000000000e+00 5.9999999999995716e-02 9.6937668108583597e-01 1.7628249676647640e-13

1.1250000000000000e+00 5.9999999999995716e-02 9.6937668108583597e-01 1.7628249676647640e-13
1.2500000000000000e+00 6.0000000000007124e-02 9.6937668108539399e-01 -1.2669527708160618e-13

1.7500000000000000e+00 6.0000000000005826e-02 9.6937668108544395e-01 -9.1879526704522920e-14
1.8750000000000000e+00 5.9999999999999741e-02 9.6937668108568065e-01 6.7753814855118553e-14

1.8750000000000000e+00 5.9999999999999741e-02 9.6937668108568065e-01 6.7753814855118553e-14
2.0000000000000000e+00 6.0000000000004175e-02 9.6937668108550756e-01 -4.7999183343574969e-14

2.5000000000000000e-01 6.0000000002884184e-02 9.6937668097401397e-01 -9.0716214673290778e-11
3.1250000000000000e-01 5.9999999998486583e-02 9.6937668114425934e-01 4.6870964180435353e-11

3.1250000000000000e-01 5.9999999998486583e-02 9.6937668114425934e-01 4.6870964180435353e-11
3.7500000000000000e-01 6.0000000000799511e-02 9.6937668105471853e-01 -2.4215632762082326e-11

3.7500000000000000e-01 6.0000000000799511e-02 9.6937668105471853e-01 -2.4215632762082326e-11
4.3750000000000000e-01 5.9999999999583019e-02 9.6937668110181263e-01 1.2512384105907902e-11

4.3750000000000000e-01 5.9999999999583019e-02 9.6937668110181263e-01 1.2512384105907902e-11
5.0000000000000000e-01 6.0000000000222833e-02 9.6937668107704345e-01 -6.4637277155552044e-12

5.0000000000000000e-01 6.0000000000222833e-02 9.6937668107704345e-01 -6.4637277155552044e-12
5.6250000000000000e-01 5.9999999999886325e-02 9.6937668109007080e-01 3.3405810319648544e-12

5.6250000000000000e-01 5.9999999999886325e-02 9.6937668109007080e-01 3.3405810319648544e-12
6.2500000000000000e-01 6.0000000000063308e-02 9.6937668108321906e-01 -1.7249703397031550e-12

6.2500000000000000e-01 6.0000000000063308e-02 9.6937668108321906e-01 -1.7249703397031550e-12
6.8750000000000000e-01 5.9999999999970223e-02 9.6937668108682273e-01 8.9222697210656664e-13

6.8750000000000000e-01 5.9999999999970223e-02 9.6937668108682273e-01 8.9222697210656664e-13
7.5000000000000000e-01 6.0000000000019184e-02 9.6937668108492736e-01 -4.5998944278055858e-13

-1.1250000000000000e+00 -2.8709776126652525e-02 2.5688453278709353e+00 9.9306551894240791e-01
-1.0625000000000000e+00 -2.8470940116127729e-02 2.5647891417245039e+00 9.9054358271701781e-01

-1.0625000000000000e+00 -2.8470940116127729e-02 2.5647891417245039e+00 9.9054358271701781e-01
-1.0000000000000000e+00 -2.8139493869666490e-02 2.5592101074445628e+00 9.8707764518534979e-01

-1.0000000000000000e+00 -2.8139493869666490e-02 2.5592101074445628e+00 9.8707764518534979e-01
-9.3750000000000000e-01 -2.7697332794055351e-02 2.5516226642809210e+00 9.8236449936162806e-01

-9.3750000000000000e-01 -2.7697332794055351e-02 2.5516226642809210e+00 9.8236449936162806e-01
-8.7500000000000000e-01 -2.7076586316273646e-02 2.5412882625080635e+00 9.7594043712780654e-01

-1.2500000000000000e-01 3.6500439077155875e-02 1.4344107992827821e+00 2.8853795022313461e-01
-9.3750000000000000e-02 4.2739267751837777e-02 1.3216017550456434e+00 2.1851508258389996e-01

-9.3750000000000000e-02 4.2739267751837777e-02 1.3216017550456434e+00 2.1851508258389996e-01
-6.2500000000000000e-02 4.8850077903088943e-02 1.2095262354099958e+00 1.4896322647234278e-01

9.3750000000000000e-02 5.9999995854087086e-02 9.6937684158723680e-01 1.7023921298686016e-07
1.2500000000000000e-01 6.0000000968350356e-02 9.6937664359772713e-01 -3.7703819306664113e-08

1.2500000000000000e-01 6.0000000968350356e-02 9.6937664359772713e-01 -3.7703819306664113e-08
1.5625000000000000e-01 5.9999999773828395e-02 9.6937668984149694e-01 8.3504736237826792e-09

1.5625000000000000e-01 5.9999999773828395e-02 9.6937668984149694e-01 8.3504736237826792e-09
1.8750000000000000e-01 6.0000000052829010e-02 9.6937667904048985e-01 -1.8494245224430989e-09

1.8750000000000000e-01 6.0000000052829010e-02 9.6937667904048985e-01 -1.8494245224430989e-09
2.1875000000000000e-01 5.9999999987663748e-02 9.6937668156324586e-01 4.0960299284895359e-10

2.1875000000000000e-01 5.9999999987663748e-02 9.6937668156324586e-01 4.0960299284895359e-10
2.5000000000000000e-01 6.0000000002884184e-02 9.6937668097401397e-01 -9.0716214673290778e-11

-7.5000000000000000e-01 -2.5109526707964007e-02 2.5077927504399802e+00 9.5513177519414405e-01
-7.1875000000000000e-01 -2.4403347314070623e-02 2.4958035089038821e+00 9.4768301093832708e-01

-7.1875000000000000e-01 -2.4403347314070623e-02 2.4958035089038821e+00 9.4768301093832708e-01
-6.8750000000000000e-01 -2.3584488257506430e-02 2.4818712895362425e+00 9.3902747021068722e-01

-6.8750000000000000e-01 -2.3584488257506430e-02 2.4818712895362425e+00 9.3902747021068722e-01
-6.5625000000000000e-01 -2.2626906122276191e-02 2.4657015448939266e+00 9.2897956066779430e-01

-8.7500000000000000e-01 -2.7076586316273646e-02 2.5412882625080635e+00 9.7594043712780654e-01
-8.4375000000000000e-01 -2.6685263655237795e-02 2.5345049050265716e+00 9.7173019118971526e-01

-8.4375000000000000e-01 -2.6685263655237795e-02 2.5345049050265716e+00 9.7173019118971526e-01
-8.1250000000000000e-01 -2.6238766121286117e-02 2.5269653512915262e+00 9.6704289890090689e-01

-8.1250000000000000e-01 -2.6238766121286117e-02 2.5269653512915262e+00 9.6704289890090689e-01
-7.8125000000000000e-01 -2.5716582035247099e-02 2.5180962210985118e+00 9.6153362691893696e-01

-7.8125000000000000e-01 -2.5716582035247099e-02 2.5180962210985118e+00 9.6153362691893696e-01
-7.5000000000000000e-01 -2.5109526707964007e-02 2.5077927504399802e+00 9.5513177519414405e-01

-4.3750000000000000e-01 -1.0334797830747595e-02 2.2557148493648498e+00 7.9853239337804949e-01
-4.2187500000000000e-01 -8.9309031528668741e-03 2.2316230185395103e+00 7.8356733024197245e-01

-4.2187500000000000e-01 -8.9309031528668741e-03 2.2316230185395103e+00 7.8356733024197245e-01
-4.0625000000000000e-01 -7.4360007357305649e-03 2.2059418783761382e+00 7.6761533837318052e-01

-4.0625000000000000e-01 -7.4360007357305649e-03 2.2059418783761382e+00 7.6761533837318052e-01
-3.9062500000000000e-01 -5.8459921120783531e-03 2.1786005380148787e+00 7.5063234466681961e-01

-3.9062500000000000e-01 -5.8459921120783531e-03 2.1786005380148787e+00 7.5063234466681961e-01
-3.7500000000000000e-01 -4.1553245997009618e-03 2.1495318482803887e+00 7.3257606731230551e-01

-2.1875000000000000e-01 1.8543342539524520e-02 1.7541312939295468e+00 4.8702810885587472e-01
-2.0312500000000000e-01 2.1371281029646704e-02 1.7042937404411003e+00 4.5608249668185419e-01

-2.0312500000000000e-01 2.1371281029646704e-02 1.7042937404411003e+00 4.5608249668185419e-01
-1.8750000000000000e-01 2.4282674032920261e-02 1.6527616010748394e+00 4.2408851637045214e-01

3.1250000000000000e-02 5.9969739579702232e-02 9.7054815810404726e-01 8.0013861865900558e-04
4.6875000000000000e-02 5.9996726130359369e-02 9.6950342304415049e-01 9.6636010384254587e-05

4.6875000000000000e-02 5.9996726130359369e-02 9.6950342304415049e-01 9.6636010384254587e-05
6.2500000000000000e-02 5.9999645800571128e-02 9.6939039327890042e-01 1.1671122821023274e-05

6.2500000000000000e-02 5.9999645800571128e-02 9.6939039327890042e-01 1.1671122821023274e-05
7.8125000000000000e-02 5.9999961679233799e-02 9.6937816460520576e-01 1.4095684671949320e-06

7.8125000000000000e-02 5.9999961679233799e-02 9.6937816460520576e-01 1.4095684671949320e-06
9.3750000000000000e-02 5.9999995854087086e-02 9.6937684158723680e-01 1.7023921298686016e-07

-5.9375000000000000e-01 -2.0243049835476090e-02 2.4250485798113113e+00 9.0372497992473622e-01
-5.7812500000000000e-01 -1.9532415410002796e-02 2.4129427247647861e+00 8.9620418510339939e-01

-5.7812500000000000e-01 -1.9532415410002796e-02 2.4129427247647861e+00 8.9620418510339939e-01
-5.6250000000000000e-01 -1.8769216408551007e-02 2.3999349451469913e+00 8.8812314897666822e-01

-5.6250000000000000e-01 -1.8769216408551007e-02 2.3999349451469913e+00 8.8812314897666822e-01
-5.4687500000000000e-01 -1.7950034049289049e-02 2.3859654635854133e+00 8.7944474909698944e-01

-5.4687500000000000e-01 -1.7950034049289049e-02 2.3859654635854133e+00 8.7944474909698944e-01
-5.3125000000000000e-01 -1.7071308845881275e-02 2.3709718372706110e+00 8.7013021321742468e-01

-5.3125000000000000e-01 -1.7071308845881275e-02 2.3709718372706110e+00 8.7013021321742468e-01
-5.1562500000000000e-01 -1.6129350146401843e-02 2.3548890763542025e+00 8.6013919063796584e-01

-5.1562500000000000e-01 -1.6129350146401843e-02 2.3548890763542025e+00 8.6013919063796584e-01
-5.0000000000000000e-01 -1.5120349599975606e-02 2.3376498272394790e+00 8.4942986617735994e-01

-5.0000000000000000e-01 -1.5120349599975606e-02 2.3376498272394790e+00 8.4942986617735994e-01
-4.8437500000000000e-01 -1.4040399098983381e-02 2.3191846271383705e+00 8.3795911877816653e-01

-4.8437500000000000e-01 -1.4040399098983381e-02 2.3191846271383705e+00 8.3795911877816653e-01
-4.6875000000000000e-01 -1.2885513914657424e-02 2.2994222420409822e+00 8.2568273200567188e-01

-4.6875000000000000e-01 -1.2885513914657424e-02 2.2994222420409822e+00 8.2568273200567188e-01
-4.5312500000000000e-01 -1.1651661735644154e-02 2.2782901020052080e+00 8.1255566500486653e-01

-4.5312500000000000e-01 -1.1651661735644154e-02 2.2782901020052080e+00 8.1255566500486653e-01
-4.3750000000000000e-01 -1.0334797830747595e-02 2.2557148493648498e+00 7.9853239337804949e-01

-1.8750000000000000e-01 2.4282674032920261e-02 1.6527616010748394e+00 4.2408851637045214e-01
-1.7187500000000000e-01 2.7264758872318686e-02 1.5997831002494260e+00 3.9119764733723522e-01

-1.7187500000000000e-01 2.7264758872318686e-02 1.5997831002494260e+00 3.9119764733723522e-01
-1.5625000000000000e-01 3.0304768083604033e-02 1.5455679679883947e+00 3.5754052220961174e-01

-1.5625000000000000e-01 3.0304768083604033e-02 1.5455679679883947e+00 3.5754052220961174e-01
-1.4062500000000000e-01 3.3388394448924164e-02 1.4903535804559025e+00 3.2326465249055758e-01

-1.4062500000000000e-01 3.3388394448924164e-02 1.4903535804559025e+00 3.2326465249055758e-01
-1.2500000000000000e-01 3.6500439077155875e-02 1.4344107992827821e+00 2.8853795022313461e-01

-6.2500000000000000e-02 4.8850077903088943e-02 1.2095262354099958e+00 1.4896322647234278e-01
-4.6875000000000000e-02 5.1804774350692591e-02 1.1550528517105598e+00 1.1515366532649046e-01

-4.6875000000000000e-02 5.1804774350692591e-02 1.1550528517105598e+00 1.1515366532649046e-01
-3.1250000000000000e-02 5.4643025822281470e-02 1.1017203414789272e+00 8.2070233500244477e-02

-6.2500000000000000e-01 -2.1519587855966072e-02 2.4467809808926986e+00 9.1722668667832230e-01
-6.0937500000000000e-01 -2.0904392936877764e-02 2.4363096134369431e+00 9.1072101760073976e-01

-6.0937500000000000e-01 -2.0904392936877764e-02 2.4363096134369431e+00 9.1072101760073976e-01
-5.9375000000000000e-01 -2.0243049835476090e-02 2.4250485798113113e+00 9.0372497992473622e-01

-6.5625000000000000e-01 -2.2626906122276191e-02 2.4657015448939266e+00 9.2897956066779430e-01
-6.4062500000000000e-01 -2.2091862378034611e-02 2.4565244056084437e+00 9.2328075242593444e-01

-6.4062500000000000e-01 -2.2091862378034611e-02 2.4565244056084437e+00 9.2328075242593444e-01
-6.2500000000000000e-01 -2.1519587855966072e-02 2.4467809808926986e+00 9.1722668667832230e-01

-3.1250000000000000e-02 5.4643025822281470e-02 1.1017203414789272e+00 8.2070233500244477e-02
-2.3437500000000000e-02 5.5992574218625239e-02 1.0756912208636109e+00 6.5932501083675085e-02

-2.3437500000000000e-02 5.5992574218625239e-02 1.0756912208636109e+00 6.5932501083675085e-02
-1.5625000000000000e-02 5.7257358530093470e-02 1.0500514367347280e+00 5.0056225299917503e-02

-1.5625000000000000e-02 5.7257358530093470e-02 1.0500514367347280e+00 5.0056225299917503e-02
-7.8125000000000000e-03 5.8368945409971520e-02 1.0248205997544009e+00 3.4474101980416991e-02

-3.7500000000000000e-01 -4.1553245997009618e-03 2.1495318482803887e+00 7.3257606731230551e-01
-3.6718750000000000e-01 -3.2718369171246659e-03 2.1342632951671399e+00 7.2309388683061782e-01

-3.6718750000000000e-01 -3.2718369171246659e-03 2.1342632951671399e+00 7.2309388683061782e-01
-3.5937500000000000e-01 -2.3635445639220640e-03 2.1185763222536673e+00 7.1335074916273300e-01

-3.5937500000000000e-01 -2.3635445639220640e-03 2.1185763222536673e+00 7.1335074916273300e-01
-3.5156250000000000e-01 -1.4295497045814253e-03 2.1024420087901849e+00 7.0332962679908240e-01

-3.5156250000000000e-01 -1.4295497045814253e-03 2.1024420087901849e+00 7.0332962679908240e-01
-3.4375000000000000e-01 -4.6931377390415095e-04 2.0858447612277189e+00 6.9302110233507030e-01

-3.4375000000000000e-01 -4.6931377390415095e-04 2.0858447612277189e+00 6.9302110233507030e-01
-3.3593750000000000e-01 5.1753099891756822e-04 2.0687748267103907e+00 6.8241918176142358e-01

-3.3593750000000000e-01 5.1753099891756822e-04 2.0687748267103907e+00 6.8241918176142358e-01
-3.2812500000000000e-01 1.5312569272069546e-03 2.0512252444525805e+00 6.7151955221564008e-01

-3.2812500000000000e-01 1.5312569272069546e-03 2.0512252444525805e+00 6.7151955221564008e-01
-3.2031250000000000e-01 2.5720694017241749e-03 2.0331906311069132e+00 6.6031887256735389e-01

-3.2031250000000000e-01 2.5720694017241749e-03 2.0331906311069132e+00 6.6031887256735389e-01
-3.1250000000000000e-01 3.6401160090261011e-03 2.0146667249593855e+00 6.4881450127300477e-01

-3.1250000000000000e-01 3.6401160090261011e-03 2.0146667249593855e+00 6.4881450127300477e-01
-3.0468750000000000e-01 4.7354875345693428e-03 1.9956502451394760e+00 6.3700441012392728e-01

-3.0468750000000000e-01 4.7354875345693428e-03 1.9956502451394760e+00 6.3700441012392728e-01
-2.9687500000000000e-01 5.8582155095417204e-03 1.9761388826329800e+00 6.2488717770086777e-01

-2.9687500000000000e-01 5.8582155095417204e-03 1.9761388826329800e+00 6.2488717770086777e-01
-2.8906250000000000e-01 7.0082682088056921e-03 1.9561313473794819e+00 6.1246201759864505e-01

-2.8906250000000000e-01 7.0082682088056921e-03 1.9561313473794819e+00 6.1246201759864505e-01
-2.8125000000000000e-01 8.1855458460121516e-03 1.9356274400152362e+00 5.9972882231446245e-01

-2.8125000000000000e-01 8.1855458460121516e-03 1.9356274400152362e+00 5.9972882231446245e-01
-2.7343750000000000e-01 9.3898751728724895e-03 1.9146281349833618e+00 5.8668821456388309e-01

-2.7343750000000000e-01 9.3898751728724895e-03 1.9146281349833618e+00 5.8668821456388309e-01
-2.6562500000000000e-01 1.0621003335038438e-02 1.8931356691011474e+00 5.7334160235222764e-01

-2.6562500000000000e-01 1.0621003335038438e-02 1.8931356691011474e+00 5.7334160235222764e-01
-2.5781250000000000e-01 1.1878590404036389e-02 1.8711536324723159e+00 5.5969123600610404e-01

-2.5781250000000000e-01 1.1878590404036389e-02 1.8711536324723159e+00 5.5969123600610404e-01
-2.5000000000000000e-01 1.3162199208850115e-02 1.8486870594186799e+00 5.4574026613671212e-01

-2.5000000000000000e-01 1.3162199208850115e-02 1.8486870594186799e+00 5.4574026613671212e-01
-2.4218750000000000e-01 1.4471279438931150e-02 1.8257425166323125e+00 5.3149280176689895e-01

-2.4218750000000000e-01 1.4471279438931150e-02 1.8257425166323125e+00 5.3149280176689895e-01
-2.3437500000000000e-01 1.5805139475364969e-02 1.8023281840530987e+00 5.1695396794727311e-01

-2.3437500000000000e-01 1.5805139475364969e-02 1.8023281840530987e+00 5.1695396794727311e-01
-2.2656250000000000e-01 1.7162891895865659e-02 1.7784539200207470e+00 5.0212996216373740e-01

-2.2656250000000000e-01 1.7162891895865659e-02 1.7784539200207470e+00 5.0212996216373740e-01
-2.1875000000000000e-01 1.8543342539524520e-02 1.7541312939295468e+00 4.8702810885587472e-01

-7.8125000000000000e-03 5.8368945409971520e-02 1.0248205997544009e+00 3.4474101980416991e-02
-3.9062500000000000e-03 5.8835868783256182e-02 1.0123674200498747e+00 2.6808340276264223e-02

-3.9062500000000000e-03 5.8835868783256182e-02 1.0123674200498747e+00 2.6808340276264223e-02
0.0000000000000000e+00 5.9208959064510215e-02 1.0000000000000000e+00 1.9223620729657203e-02

0.0000000000000000e+00 5.9208959064510215e-02 1.0000000000000000e+00 1.9223620729657203e-02
3.9062500000000000e-03 5.9473943747066410e-02 9.8974182156256851e-01 1.2919670636174198e-02

3.9062500000000000e-03 5.9473943747066410e-02 9.8974182156256851e-01 1.2919670636174198e-02
7.8125000000000000e-03 5.9650162726644855e-02 9.8291992128256489e-01 8.6829578976031531e-03

7.8125000000000000e-03 5.9650162726644855e-02 9.8291992128256489e-01 8.6829578976031531e-03
1.1718750000000000e-02 5.9767351416099179e-02 9.7838321659778527e-01 5.8355789650864024e-03

1.1718750000000000e-02 5.9767351416099179e-02 9.7838321659778527e-01 5.8355789650864024e-03
1.5625000000000000e-02 5.9845284066898229e-02 9.7536621403252755e-01 3.9219333151006910e-03

1.5625000000000000e-02 5.9845284066898229e-02 9.7536621403252755e-01 3.9219333151006910e-03
1.9531250000000000e-02 5.9897110782542305e-02 9.7335984480614313e-01 2.6358243249861423e-03

1.9531250000000000e-02 5.9897110782542305e-02 9.7335984480614313e-01 2.6358243249861423e-03
2.3437500000000000e-02 5.9931576573753809e-02 9.7202556764744985e-01 1.7714655778766988e-03

2.3437500000000000e-02 5.9931576573753809e-02 9.7202556764744985e-01 1.7714655778766988e-03
2.7343750000000000e-02 5.9954497018126773e-02 9.7113824565329310e-01 1.1905536621979007e-03

2.7343750000000000e-02 5.9954497018126773e-02 9.7113824565329310e-01 1.1905536621979007e-03
3.1250000000000000e-02 5.9969739579702232e-02 9.7054815810404726e-01 8.0013861865900558e-04

