((-50.0 2.58)
(-49.0 2.5800160195861865)
(-48.0 2.580000631256968)
(-47.0 2.580015411437795)
(-46.0 2.5800012172183755)
(-45.0 2.5800148467750454)
(-44.0 2.5800017614388757)
(-43.0 2.5800143221710026)
(-42.0 2.580002267222889)
(-41.0 2.580013834438739)
(-40.0 2.580002737644697)
(-39.0 2.5800133806119443)
(-38.0 2.580003175567156)
(-37.0 2.5800129579268503)
(-36.0 2.5800035836591597)
(-35.0 2.5800125638053655)
(-34.0 2.5800039644119375)
(-33.0 2.580012195839311)
(-32.0 2.5800043201543055)
(-31.0 2.5800118517756636)
(-30.0 2.5800046530669523)
(-29.0 2.580011529502717)
(-28.0 2.580004965195854)
(-27.0 2.5800112270370694)
(-26.0 2.5800052584649)
(-25.0 2.5800109425113673)
(-24.0 2.5800055346878046)
(-23.0 2.580010674162717)
(-22.0 2.580005795579384)
(-21.0 2.580010420321704)
(-20.0 2.5800060427662643)
(-19.0 2.580010179401939)
(-18.0 2.5800062777970907)
(-17.0 2.5800099498900786)
(-16.0 2.5800065021523)
(-15.0 2.580009730336241)
(-14.0 2.5800067172535264)
(-13.0 2.5800095193447707)
(-12.0 2.5800069244726838)
(-11.0 2.580009315565285)
(-10.0 2.580007125140805)
(-9.0 2.580009117683943)
(-8.0 2.5800073205566787)
(-7.0 2.580008924414884)
(-6.5 2.5800076066955566)
(-6.0 2.580008546502655)
(-5.5 2.580007981680595)
(-5.0 2.5800081719300043)
(-4.5 2.5800083583550384)
(-4.0 2.5800077901440854)
(-3.5 2.5800087381009575)
(-3.0 2.5800071915624545)
(-2.5 2.5800046901360596)
(-2.0 2.579907265989082)
(-1.75 2.579570618662632)
(-1.5 2.5784877633965513)
(-1.25 2.5745681640638187)
(-1.125 2.5688453278709353)
(-1.0625 2.564789141724504)
(-1.0 2.559210107444563)
(-0.9375 2.551622664280921)
(-0.875 2.5412882625080635)
(-0.84375 2.5345049050265716)
(-0.8125 2.526965351291526)
(-0.78125 2.518096221098512)
(-0.75 2.50779275043998)
(-0.71875 2.495803508903882)
(-0.6875 2.4818712895362425)
(-0.65625 2.4657015448939266)
(-0.640625 2.4565244056084437)
(-0.625 2.4467809808926986)
(-0.609375 2.436309613436943)
(-0.59375 2.4250485798113113)
(-0.578125 2.412942724764786)
(-0.5625 2.3999349451469913)
(-0.546875 2.3859654635854133)
(-0.53125 2.370971837270611)
(-0.515625 2.3548890763542025)
(-0.5 2.337649827239479)
(-0.484375 2.3191846271383705)
(-0.46875 2.2994222420409822)
(-0.453125 2.278290102005208)
(-0.4375 2.25571484936485)
(-0.421875 2.2316230185395103)
(-0.40625 2.205941878376138)
(-0.390625 2.1786005380148787)
(-0.375 2.1495318482803887)
(-0.3671875 2.13426329516714)
(-0.359375 2.1185763222536673)
(-0.3515625 2.102442008790185)
(-0.34375 2.085844761227719)
(-0.3359375 2.0687748267103907)
(-0.328125 2.0512252444525805)
(-0.3203125 2.0331906311069132)
(-0.3125 2.0146667249593855)
(-0.3046875 1.995650245139476)
(-0.296875 1.97613888263298)
(-0.2890625 1.956131347379482)
(-0.28125 1.9356274400152362)
(-0.2734375 1.9146281349833618)
(-0.265625 1.8931356691011474)
(-0.2578125 1.871153632472316)
(-0.25 1.84868705941868)
(-0.2421875 1.8257425166323125)
(-0.234375 1.8023281840530987)
(-0.2265625 1.778453920020747)
(-0.21875 1.7541312939295468)
(-0.203125 1.7042937404411003)
(-0.1875 1.6527616010748394)
(-0.171875 1.599783100249426)
(-0.15625 1.5455679679883947)
(-0.140625 1.4903535804559025)
(-0.125 1.4344107992827821)
(-0.09375 1.3216017550456434)
(-0.0625 1.2095262354099958)
(-0.046875 1.1550528517105598)
(-0.03125 1.1017203414789272)
(-0.0234375 1.075691220863611)
(-0.015625 1.050051436734728)
(-0.0078125 1.0248205997544009)
(-0.00390625 1.0123674200498747)
(0.0 1.0)
(0.00390625 0.9897418215625685)
(0.0078125 0.9829199212825649)
(0.01171875 0.9783832165977853)
(0.015625 0.9753662140325275)
(0.01953125 0.9733598448061431)
(0.0234375 0.9720255676474499)
(0.02734375 0.9711382456532931)
(0.03125 0.9705481581040473)
(0.046875 0.9695034230441505)
(0.0625 0.9693903932789004)
(0.078125 0.9693781646052058)
(0.09375 0.9693768415872368)
(0.125 0.9693766435977271)
(0.15625 0.9693766898414969)
(0.1875 0.9693766790404899)
(0.21875 0.9693766815632459)
(0.25 0.969376680974014)
(0.3125 0.9693766811442593)
(0.375 0.9693766810547185)
(0.4375 0.9693766811018126)
(0.5 0.9693766810770434)
(0.5625 0.9693766810900708)
(0.625 0.9693766810832191)
(0.6875 0.9693766810868227)
(0.75 0.9693766810849274)
(0.875 0.9693766810860582)
(1.0 0.9693766810852315)
(1.125 0.969376681085836)
(1.25 0.969376681085394)
(1.5 0.9693766810857404)
(1.75 0.969376681085444)
(1.875 0.9693766810856806)
(2.0 0.9693766810855076)
(2.25 0.9693766810856432)
(2.5 0.9693766810855271)
(2.75 0.9693766810856265)
(3.0 0.9693766810855414)
(3.25 0.9693766810856143)
(3.5 0.9693766810855519)
(3.75 0.9693766810856053)
(4.0 0.9693766810855595)
(4.25 0.9693766810855987)
(4.5 0.9693766810855652)
(4.75 0.9693766810855939)
(5.0 0.9693766810855693)
(5.5 0.9693766810855912)
(6.0 0.9693766810855708)
(6.5 0.9693766810855897)
(7.0 0.9693766810855723)
(7.5 0.9693766810855885)
(8.0 0.9693766810855734)
(8.5 0.9693766810855874)
(9.0 0.9693766810855744)
(9.5 0.9693766810855865)
(10.0 0.9693766810855753)
(10.5 0.9693766810855857)
(11.0 0.969376681085576)
(11.5 0.9693766810855851)
(12.0 0.9693766810855765)
(12.5 0.9693766810855845)
(13.0 0.9693766810855771)
(13.5 0.9693766810855841)
(14.0 0.9693766810855774)
(14.5 0.9693766810855837)
(15.0 0.9693766810855777)
(15.5 0.9693766810855834)
(16.0 0.969376681085578)
(16.5 0.9693766810855832)
(17.0 0.9693766810855782)
(17.5 0.9693766810855831)
(18.0 0.9693766810855783)
(18.5 0.969376681085583)
(19.0 0.9693766810855784)
(19.5 0.969376681085583)
(20.0 0.9693766810855784))