((-50.0 -0.029368054915205638)
(-49.0 -0.029368968597603386)
(-48.0 -0.029368049229413398)
(-47.0 -0.02936897586083402)
(-46.0 -0.029368040369332417)
(-45.0 -0.029368986339961472)
(-44.0 -0.029368028246130475)
(-43.0 -0.029369000135155716)
(-42.0 -0.02936801274807938)
(-41.0 -0.029369017369944184)
(-40.0 -0.029367993739590505)
(-39.0 -0.029369038192260263)
(-38.0 -0.02936797106008007)
(-37.0 -0.029369062775666564)
(-36.0 -0.02936794452265489)
(-35.0 -0.02936909132076277)
(-34.0 -0.029367913912608127)
(-33.0 -0.02936912405678931)
(-32.0 -0.029367878985713018)
(-31.0 -0.029369161243439485)
(-30.0 -0.02936783946630136)
(-29.0 -0.029369203172894216)
(-28.0 -0.029367795045111608)
(-27.0 -0.029369250172095178)
(-26.0 -0.029367745376890093)
(-25.0 -0.02936930260527392)
(-24.0 -0.029367690077726733)
(-23.0 -0.029369360876756394)
(-22.0 -0.0293676287221049)
(-21.0 -0.029369425434064365)
(-20.0 -0.029367560839642794)
(-19.0 -0.029369496771337437)
(-18.0 -0.02936748591150152)
(-17.0 -0.02936957543310174)
(-16.0 -0.029367403366432485)
(-15.0 -0.02936966201841395)
(-14.0 -0.029367312576434115)
(-13.0 -0.029369757185412085)
(-12.0 -0.029367212851984903)
(-11.0 -0.029369861656307658)
(-10.0 -0.029367103436816675)
(-9.0 -0.02936997622285686)
(-8.0 -0.029366983502188564)
(-7.0 -0.029370101752352298)
(-6.5 -0.02936678180004851)
(-6.0 -0.02937038973543623)
(-5.5 -0.02936646675225807)
(-5.0 -0.029370734228739256)
(-4.5 -0.029366090210468345)
(-4.0 -0.029371145636396496)
(-3.5 -0.02936564026366998)
(-3.0 -0.029371624829743884)
(-2.5 -0.02936484511539555)
(-2.0 -0.0293664256197796)
(-1.75 -0.029338036552454132)
(-1.5 -0.029285077921232826)
(-1.25 -0.029042138519141246)
(-1.125 -0.028709776126652525)
(-1.0625 -0.02847094011612773)
(-1.0 -0.02813949386966649)
(-0.9375 -0.02769733279405535)
(-0.875 -0.027076586316273646)
(-0.84375 -0.026685263655237795)
(-0.8125 -0.026238766121286117)
(-0.78125 -0.0257165820352471)
(-0.75 -0.025109526707964007)
(-0.71875 -0.024403347314070623)
(-0.6875 -0.02358448825750643)
(-0.65625 -0.02262690612227619)
(-0.640625 -0.02209186237803461)
(-0.625 -0.021519587855966072)
(-0.609375 -0.020904392936877764)
(-0.59375 -0.02024304983547609)
(-0.578125 -0.019532415410002796)
(-0.5625 -0.018769216408551007)
(-0.546875 -0.01795003404928905)
(-0.53125 -0.017071308845881275)
(-0.515625 -0.016129350146401843)
(-0.5 -0.015120349599975606)
(-0.484375 -0.01404039909898338)
(-0.46875 -0.012885513914657424)
(-0.453125 -0.011651661735644154)
(-0.4375 -0.010334797830747595)
(-0.421875 -0.008930903152866874)
(-0.40625 -0.007436000735730565)
(-0.390625 -0.005845992112078353)
(-0.375 -0.004155324599700962)
(-0.3671875 -0.003271836917124666)
(-0.359375 -0.002363544563922064)
(-0.3515625 -0.0014295497045814253)
(-0.34375 -0.00046931377390415095)
(-0.3359375 0.0005175309989175682)
(-0.328125 0.0015312569272069546)
(-0.3203125 0.002572069401724175)
(-0.3125 0.003640116009026101)
(-0.3046875 0.004735487534569343)
(-0.296875 0.00585821550954172)
(-0.2890625 0.007008268208805692)
(-0.28125 0.008185545846012152)
(-0.2734375 0.00938987517287249)
(-0.265625 0.010621003335038438)
(-0.2578125 0.011878590404036389)
(-0.25 0.013162199208850115)
(-0.2421875 0.01447127943893115)
(-0.234375 0.01580513947536497)
(-0.2265625 0.01716289189586566)
(-0.21875 0.01854334253952452)
(-0.203125 0.021371281029646704)
(-0.1875 0.02428267403292026)
(-0.171875 0.027264758872318686)
(-0.15625 0.030304768083604033)
(-0.140625 0.033388394448924164)
(-0.125 0.036500439077155875)
(-0.09375 0.04273926775183778)
(-0.0625 0.04885007790308894)
(-0.046875 0.05180477435069259)
(-0.03125 0.05464302582228147)
(-0.0234375 0.05599257421862524)
(-0.015625 0.05725735853009347)
(-0.0078125 0.05836894540997152)
(-0.00390625 0.05883586878325618)
(0.0 0.059208959064510215)
(0.00390625 0.05947394374706641)
(0.0078125 0.059650162726644855)
(0.01171875 0.05976735141609918)
(0.015625 0.05984528406689823)
(0.01953125 0.059897110782542305)
(0.0234375 0.05993157657375381)
(0.02734375 0.05995449701812677)
(0.03125 0.05996973957970223)
(0.046875 0.05999672613035937)
(0.0625 0.05999964580057113)
(0.078125 0.0599999616792338)
(0.09375 0.059999995854087086)
(0.125 0.060000000968350356)
(0.15625 0.059999999773828395)
(0.1875 0.06000000005282901)
(0.21875 0.05999999998766375)
(0.25 0.060000000002884184)
(0.3125 0.05999999999848658)
(0.375 0.06000000000079951)
(0.4375 0.05999999999958302)
(0.5 0.06000000000022283)
(0.5625 0.059999999999886325)
(0.625 0.06000000000006331)
(0.6875 0.05999999999997022)
(0.75 0.060000000000019184)
(0.875 0.05999999999998997)
(1.0 0.06000000000001132)
(1.125 0.059999999999995716)
(1.25 0.060000000000007124)
(1.5 0.059999999999998194)
(1.75 0.060000000000005826)
(1.875 0.05999999999999974)
(2.0 0.060000000000004175)
(2.25 0.06000000000000072)
(2.5 0.06000000000000366)
(2.75 0.060000000000001164)
(3.0 0.06000000000000327)
(3.25 0.0600000000000015)
(3.5 0.06000000000000299)
(3.75 0.060000000000001746)
(4.0 0.06000000000000276)
(4.25 0.06000000000000195)
(4.5 0.06000000000000258)
(4.75 0.060000000000002114)
(5.0 0.06000000000000242)
(5.5 0.06000000000000223)
(6.0 0.06000000000000235)
(6.5 0.06000000000000231)
(7.0 0.060000000000002274)
(7.5 0.060000000000002385)
(8.0 0.06000000000000219)
(8.5 0.06000000000000246)
(9.0 0.060000000000002114)
(9.5 0.06000000000000255)
(10.0 0.060000000000002024)
(10.5 0.06000000000000264)
(11.0 0.06000000000000193)
(11.5 0.060000000000002746)
(12.0 0.060000000000001816)
(12.5 0.060000000000002864)
(13.0 0.06000000000000169)
(13.5 0.060000000000002995)
(14.0 0.060000000000001545)
(14.5 0.06000000000000315)
(15.0 0.06000000000000138)
(15.5 0.06000000000000333)
(16.0 0.060000000000001184)
(16.5 0.060000000000003544)
(17.0 0.060000000000000955)
(17.5 0.060000000000003786)
(18.0 0.06000000000000069)
(18.5 0.06000000000000408)
(19.0 0.06000000000000037)
(19.5 0.060000000000004425)
(20.0 0.06))