((-50.0 1.0)
(-49.0 1.0)
(-48.0 1.0)
(-47.0 1.0)
(-46.0 1.0)
(-45.0 1.0)
(-44.0 1.0)
(-43.0 1.0)
(-42.0 1.0)
(-41.0 1.0)
(-40.0 1.0)
(-39.0 1.0)
(-38.0 1.0)
(-37.0 1.0)
(-36.0 1.0)
(-35.0 1.0)
(-34.0 1.0)
(-33.0 1.0)
(-32.0 1.0)
(-31.0 1.0)
(-30.0 1.0)
(-29.0 1.0)
(-28.0 1.0)
(-27.0 1.0)
(-26.0 1.0)
(-25.0 1.0)
(-24.0 1.0)
(-23.0 1.0)
(-22.0 1.0)
(-21.0 1.0)
(-20.0 1.0)
(-19.0 1.0)
(-18.0 1.0)
(-17.0 1.0)
(-16.0 1.0)
(-15.0 1.0)
(-14.0 1.0)
(-13.0 1.0)
(-12.0 1.0)
(-11.0 1.0)
(-10.0 1.0)
(-9.0 1.0)
(-8.0 1.0)
(-7.0 1.0)
(-6.5 0.9999999999999999)
(-6.0 0.999999999999999)
(-5.5 0.9999999999999775)
(-5.0 0.9999999999994982)
(-4.5 0.9999999999888013)
(-4.0 0.9999999997501215)
(-3.5 0.9999999944244173)
(-3.0 0.9999998755910543)
(-2.5 0.9999972240499629)
(-2.0 0.9999380642280568)
(-1.75 0.999727076881807)
(-1.5 0.9990568295532356)
(-1.25 0.9966183322157652)
(-1.125 0.9930655189424079)
(-1.0625 0.9905435827170178)
(-1.0 0.9870776451853498)
(-0.9375 0.9823644993616281)
(-0.875 0.9759404371278065)
(-0.84375 0.9717301911897153)
(-0.8125 0.9670428989009069)
(-0.78125 0.961533626918937)
(-0.75 0.955131775194144)
(-0.71875 0.9476830109383271)
(-0.6875 0.9390274702106872)
(-0.65625 0.9289795606677943)
(-0.640625 0.9232807524259344)
(-0.625 0.9172266866783223)
(-0.609375 0.9107210176007398)
(-0.59375 0.9037249799247362)
(-0.578125 0.8962041851033994)
(-0.5625 0.8881231489766682)
(-0.546875 0.8794447490969894)
(-0.53125 0.8701302132174247)
(-0.515625 0.8601391906379658)
(-0.5 0.8494298661773599)
(-0.484375 0.8379591187781665)
(-0.46875 0.8256827320056719)
(-0.453125 0.8125556650048665)
(-0.4375 0.7985323933780495)
(-0.421875 0.7835673302419724)
(-0.40625 0.7676153383731805)
(-0.390625 0.7506323446668196)
(-0.375 0.7325760673123055)
(-0.3671875 0.7230938868306178)
(-0.359375 0.713350749162733)
(-0.3515625 0.7033296267990824)
(-0.34375 0.6930211023350703)
(-0.3359375 0.6824191817614236)
(-0.328125 0.6715195522156401)
(-0.3203125 0.6603188725673539)
(-0.3125 0.6488145012730048)
(-0.3046875 0.6370044101239273)
(-0.296875 0.6248871777008678)
(-0.2890625 0.612462017598645)
(-0.28125 0.5997288223144625)
(-0.2734375 0.5866882145638831)
(-0.265625 0.5733416023522276)
(-0.2578125 0.559691236006104)
(-0.25 0.5457402661367121)
(-0.2421875 0.531492801766899)
(-0.234375 0.5169539679472731)
(-0.2265625 0.5021299621637374)
(-0.21875 0.4870281088558747)
(-0.203125 0.4560824966818542)
(-0.1875 0.42408851637045214)
(-0.171875 0.3911976473372352)
(-0.15625 0.35754052220961174)
(-0.140625 0.3232646524905576)
(-0.125 0.2885379502231346)
(-0.09375 0.21851508258389996)
(-0.0625 0.14896322647234278)
(-0.046875 0.11515366532649046)
(-0.03125 0.08207023350024448)
(-0.0234375 0.06593250108367509)
(-0.015625 0.0500562252999175)
(-0.0078125 0.03447410198041699)
(-0.00390625 0.026808340276264223)
(0.0 0.019223620729657203)
(0.00390625 0.012919670636174198)
(0.0078125 0.008682957897603153)
(0.01171875 0.005835578965086402)
(0.015625 0.003921933315100691)
(0.01953125 0.0026358243249861423)
(0.0234375 0.0017714655778766988)
(0.02734375 0.0011905536621979007)
(0.03125 0.0008001386186590056)
(0.046875 9.663601038425459e-05)
(0.0625 1.1671122821023274e-05)
(0.078125 1.409568467194932e-06)
(0.09375 1.7023921298686016e-07)
(0.125 -3.770381930666411e-08)
(0.15625 8.350473623782679e-09)
(0.1875 -1.849424522443099e-09)
(0.21875 4.096029928489536e-10)
(0.25 -9.071621467329078e-11)
(0.3125 4.687096418043535e-11)
(0.375 -2.4215632762082326e-11)
(0.4375 1.2512384105907902e-11)
(0.5 -6.463727715555204e-12)
(0.5625 3.3405810319648544e-12)
(0.625 -1.724970339703155e-12)
(0.6875 8.922269721065666e-13)
(0.75 -4.599894427805586e-13)
(0.875 3.346769182029107e-13)
(1.0 -2.415499133565367e-13)
(1.125 1.762824967664764e-13)
(1.25 -1.2669527708160618e-13)
(1.5 1.0921093688923201e-13)
(1.75 -9.187952670452292e-14)
(1.875 6.775381485511855e-14)
(2.0 -4.799918334357497e-14)
(2.25 4.2129049840804764e-14)
(2.5 -3.4697786742214904e-14)
(2.75 3.0790713458293146e-14)
(3.0 -2.503279623579199e-14)
(3.25 2.2552111401046128e-14)
(3.5 -1.8010071921316978e-14)
(3.75 1.656582192640576e-14)
(4.0 -1.2907257108072348e-14)
(4.25 1.2216095920730718e-14)
(4.5 -9.199476793013579e-15)
(4.75 9.055521014848484e-15)
(5.0 -6.5053490714283195e-15)
(5.5 7.267147458060934e-15)
(6.0 -5.45012236006548e-15)
(6.5 6.292770532618619e-15)
(7.0 -4.550400639115313e-15)
(7.5 5.461984053657151e-15)
(8.0 -3.783267694021529e-15)
(8.5 4.753627610342922e-15)
(9.0 -3.129184390801457e-15)
(9.5 4.1496591259058914e-15)
(10.0 -2.571491007769106e-15)
(10.5 3.6346953199089194e-15)
(11.0 -2.0959829068494537e-15)
(11.5 3.195619890946461e-15)
(12.0 -1.690548736691374e-15)
(12.5 2.8212494400557203e-15)
(13.0 -1.3448619524922283e-15)
(13.5 2.5020486257984854e-15)
(14.0 -1.0501177954414099e-15)
(14.5 2.2298872959187817e-15)
(15.0 -7.988090325617467e-16)
(15.5 1.99783340963879e-15)
(16.0 -5.84534744967804e-16)
(16.5 1.799976476254917e-15)
(17.0 -4.018372943142987e-16)
(17.5 1.631277012956163e-15)
(18.0 -2.460633149156631e-16)
(18.5 1.4874381875051961e-15)
(19.0 -1.1324519095964862e-16)
(19.5 1.3647963764783422e-15)
(20.0 0.0))